-8.835248388155272359e-01 -1.313226193870836722e+00 2.379941759135540402e-01 -1.907243127148264550e-01 3.617140439232576221e-01 6.694459689417815440e-01 9.204132945009289857e-02 1.490423742242065419e+00 1.629083465691582022e+00 1.143371417787719224e+00 6.372878907144555738e-01 4.290421125296393634e-01 -1.837460559985110986e-01 -1.931463622701899141e-01 -8.333998637014004007e-01 -2.036503029686164812e+00
-6.357170058195362738e-01 -9.014780132089545983e-01 -1.240155202205845963e+00 -1.070398748866839389e+00 -6.913203819476887446e-01 -2.575341170848425287e-01 4.842625049907610668e-01 1.837354644339369347e+00 1.516005079189321147e+00 1.095706087378262916e+00 2.261205244085144062e-01 -6.175055769321018406e-01 -5.578772889502552346e-01 1.921848225301930613e-01 -1.393820102289357266e+00 -7.670014272755661944e-01
-1.260037977628635675e+00 -1.205695545947672725e-01 2.229930348606245227e-01 -2.286840362247146263e+00 -8.284077507619526104e-01 3.412842379034858320e-01 4.561756912324731461e-01 1.552571891500417856e+00 1.770401100226050684e+00 5.509639910997792267e-01 2.544569145242766561e-01 -6.784123727168557272e-01 -3.572388878554503266e-01 -5.533034724811117799e-01 -1.567703512289072121e+00 -5.605282307380295981e-01
-5.505324401329259043e-01 -1.804553152234098512e+00 -9.457190475376801020e-01 -5.876870404843456130e-01 -1.420836487268852628e-03 -8.222373680703261301e-02 1.167331921418636842e+00 1.216371365268503091e+00 1.545367350264477579e+00 1.248220429940741782e+00 3.158067622818246378e-01 -3.171819372564864681e-01 -1.430537385600790579e+00 -2.039919283617425361e+00 -1.440598279670159076e+00 -1.342945736392506362e+00
-2.159729645046443713e-01 -9.173560909502764815e-01 5.309528101602942196e-02 5.081768064619747172e-01 3.759963892057084367e-01 4.875094957894459125e-01 3.249942140321407935e-01 1.783868985825919129e+00 7.869047863122307085e-01 1.760918476874509864e+00 -2.669852545156019552e-01 -1.510020064542954843e-01 -1.476164426710964817e+00 -1.449162456855771941e+00 -1.715083258484937812e+00 -1.541067777422810536e+00
-1.280998564676914198e+00 -1.285669651705136030e+00 -1.512761417141660070e-01 4.954060934474313616e-01 8.583265132136397302e-01 6.677799276284106522e-01 4.411728125009871104e-01 1.476017212969718884e+00 7.972591142956788612e-01 1.805344880723444900e+00 1.847497689692453315e-01 2.550773395469221883e-02 -5.053282164662735720e-01 -9.248734929726194487e-01 -6.728568542262198804e-01 -1.061222904003346290e+00
5.043415857931509150e-01 -8.149674849350425909e-02 7.457306410833700605e-01 7.914287067794246733e-01 1.859333044239721566e-01 4.596056922869326544e-01 9.029166011301876793e-01 3.753867742358237281e-01 4.795689573838505804e-01 8.781964868871365848e-01 -7.872747464045344590e-02 -1.775466459670502206e-02 -7.488006846122921001e-01 -2.112198741214368902e-01 -7.540505007073567967e-01 2.256732046573831918e-01
1.348680500791041181e+00 -5.325356056770600421e-01 -2.990478381041106193e-01 2.226405798074961584e-01 9.217191413034481196e-01 -6.497522558783955793e-01 3.932825195945287011e-01 5.781075116185908636e-01 3.479357467120789971e-01 6.776525681985487992e-01 -3.575456628305389017e-01 -2.243027984785462559e-01 3.621859621925133804e-02 5.620305852323987938e-01 1.397452903605383323e+00 1.275294611363572361e+00
5.997061427372790687e-01 9.153385572265878567e-01 5.688138462449904287e-01 5.868726454355559508e-01 3.306434902439052137e-01 2.257447137166064266e-01 8.873042898065344186e-01 4.621003655993652925e-01 2.320902734942705825e-01 4.317597488637584524e-01 -4.660890225323194302e-01 4.554854159567388039e-01 4.380687005505331522e-01 2.576718532734761924e-01 1.070418596509774334e+00 7.352395734230339208e-01
5.500450786968414940e-01 1.035762903697458270e+00 6.272380457459580949e-01 5.132240174165306756e-01 2.863006636235828073e-01 1.098260245434709681e+00 7.462713312551377820e-01 3.262081101325119414e-01 7.523289441298105507e-01 6.854786488526717347e-01 1.381528598256247742e+00 1.696245015644601395e+00 8.916039849942607454e-01 6.763223946991592239e-01 5.843990050415992510e-01 6.694699860995564356e-01
2.692845311960161414e-01 6.982237502679998764e-01 3.061150050732621697e-01 -1.035182779899793959e-01 -8.063326222261187060e-02 6.397283569593658070e-01 7.777361237510466152e-01 7.315082911143414579e-01 5.526817922498340474e-01 1.717909961683000919e+00 1.994027602962091361e+00 1.678631472453744555e+00 1.025646695958335020e+00 1.175920047461059159e+00 -3.835063867201699006e-01 1.587074907385065403e-01
-3.767600399130147104e-02 -7.652480800579647413e-03 -3.769828372638792113e-01 -2.093059978049584824e-01 7.194915727427118046e-01 1.381452471735579446e-01 4.714897760903375423e-01 3.032904361128510584e-01 4.717008299534137909e-03 1.058484326591392133e+00 1.819319356151826383e+00 1.701284216389420623e+00 1.008468205171070053e+00 5.522352819917613065e-01 -5.698018974342919929e-01 -6.945412789757547944e-01
-7.041194738047664714e-01 -7.405319804973298226e-01 7.629487033109347838e-01 6.116492696024615761e-01 2.400529940064834722e-01 6.034905785792533672e-01 4.062422405216917776e-01 -6.664742292983401317e-02 4.376748069915349371e-01 3.558589489857005295e-01 1.200868529300627374e+00 -6.741026125967208849e-01 8.016674031791267696e-01 -1.645431481007274543e-01 -3.303454568241174227e-01 -8.593061086935043225e-01
-1.615647733583315482e+00 1.573550718213635458e-01 5.590191715331006561e-01 4.133296551248156758e-01 1.097264550596910526e+00 1.177641970293819701e-01 2.717947502215863342e-01 -4.872438225680095214e-01 6.134799970650101075e-01 7.054477290470402562e-02 8.784098599680382202e-01 -8.134808870626988320e-01 -6.030152494452175604e-01 -4.719501686393355877e-01 -8.240316799779214829e-01 -1.409210920548183088e+00
-1.265692640322015450e+00 1.228643973376579046e+00 8.889525355439987786e-01 -2.403328946085205309e-01 3.277279354135395617e-02 -8.312819675038409795e-01 6.987983072478554103e-01 5.618106483799766293e-01 9.245355300002764398e-01 5.151275234514527401e-01 6.590665001653470134e-02 5.647263671699439547e-01 -3.901214264043525448e-01 -7.147083760008606790e-01 -7.023777715690426859e-01 -1.336997433844615779e+00
-5.692762788929079942e-01 4.713750757868797603e-01 1.733719160355869093e-01 3.413576613024807416e-01 8.191380853262809625e-01 6.580117445470282656e-01 -2.392913287652427556e-01 9.914801978747982414e-01 1.172423305270351435e+00 5.667856232619307155e-01 1.714072013944908934e-01 2.744096680812181388e-01 6.236634042036269809e-01 -8.852300791105753852e-01 -5.307729676951874476e-01 -1.588514393075320941e+00
