1.502385682802427125e+00 1.171107157587028436e+00 1.554734845240768770e+00 1.830458111627786044e+00 8.178701718173411184e-01 1.131031685690008226e+00 1.366153255862338822e+00 4.956536237122419197e-01 1.216183947034169988e+00 1.115087255813318246e+00 1.370816023676811657e+00 3.097903407580706592e-01 -1.334141444188579329e-01 4.105215282344355510e-01 7.653141740410026594e-01 9.044092810270305538e-01
8.447630764188575059e-01 1.234057293915518327e+00 1.822701588657697158e+00 1.067637881428860736e+00 1.353720951506069081e+00 5.789274938563422346e-01 1.186190890543924459e+00 6.018271334240593573e-01 -2.223199505475460802e-01 1.930018867983566422e-01 5.993945029049964068e-01 9.253108714778558452e-01 4.447488899279171681e-01 5.202755116132051771e-01 7.046099167168190514e-01 1.054241174403944159e+00
1.164649091031572326e+00 1.132173534508644552e+00 1.587165958050735126e+00 1.464484250170295487e+00 9.295786505922306597e-01 9.169089789107618405e-01 5.797009767762230092e-01 1.484641107242792302e+00 8.843657242625707626e-01 6.286412619424497361e-01 7.442139504901181812e-01 5.722013060060655576e-01 2.416053647952714767e-01 8.390227808186617731e-01 8.604137294479703435e-01 1.007868860283209322e+00
5.095662426679384849e-01 9.354457554058692725e-01 1.037333944579970746e+00 1.798902453527278622e+00 1.139509997392032847e+00 1.042815832080308480e+00 8.887394065264678789e-01 7.653856153970922671e-01 8.284495716921767006e-01 7.897115627958795070e-01 5.995501839540086086e-01 7.076298811229925212e-01 1.090454306761019510e+00 1.284947429082246906e+00 9.597677297036365518e-01 5.787410498519461877e-01
7.957492597184738781e-01 1.226498552303206813e+00 2.963639915147627257e-01 1.018637932626712983e+00 6.659211528003012859e-01 3.738293490887179549e-01 4.724498156707214735e-01 1.300914666346226545e+00 1.178972487036582750e+00 9.784744444659037033e-01 2.734752187072078122e-01 2.144979727723964613e-01 7.179959168581433460e-01 1.916781808001319254e+00 1.701299907119602883e+00 1.127476757000657637e+00
1.181795773854133591e+00 1.286734350377358060e+00 3.458026681644415512e-01 6.156397509846771587e-01 3.872743419114127450e-01 6.323232955430647673e-01 2.962152215019863144e-01 1.219423474825041653e+00 5.537678809547886827e-01 6.428342495444113736e-01 2.793139365506149274e-01 2.564809027613929593e-01 7.015506736101014829e-01 1.684408143721640272e+00 1.655778365032001265e+00 1.759471621307820310e+00
1.126093089631238220e+00 1.162236206625417045e+00 6.453101883916050330e-01 6.202452967317656496e-01 1.389211726866080854e+00 1.423361657158469740e+00 1.180214056519725663e+00 1.583503585510766198e+00 1.264051590503240119e+00 7.260211621123872083e-01 1.130998495367091516e+00 9.929790537922349447e-01 1.229829911687166932e+00 8.754175410182677419e-01 7.915606701667076139e-01 6.992336118150325186e-01
8.852031629779497646e-01 1.176515222609024747e+00 4.828636049606181424e-01 6.353089122818659229e-01 8.567812503429556026e-01 8.530132113915090963e-01 5.540158305275354467e-01 1.059139661692829693e+00 5.890340356880947592e-01 1.141202855199621835e+00 1.394650059630643923e+00 8.182302245944989005e-01 1.013863148777327305e+00 1.360973927637458836e+00 1.333529295388942604e+00 9.833844361616039809e-01
4.630038302847284681e-01 1.255742661894183376e+00 8.003453643168267906e-01 8.269325562168671206e-01 1.367140384600159519e+00 8.670070202932715908e-01 8.969347976169529391e-01 1.091322145963345758e+00 9.953964463708909749e-01 1.275777181155431705e+00 1.716958003937706367e+00 1.229962696533273503e+00 1.488137794518631374e+00 1.678896569189423982e+00 1.281876262592841265e+00 9.371289259928750059e-01
6.568306246064481435e-01 5.952324214369063560e-01 1.307582931103521862e+00 1.443511247243581375e+00 1.520091237110135607e+00 1.083294925355511085e+00 1.541415684415275988e+00 1.065088239455282526e+00 1.614869660205446422e+00 1.631622526844569654e+00 1.461468874910029303e+00 1.234599556832298939e+00 1.843369003646947002e+00 2.301168498908184645e+00 1.604735291535140940e+00 7.606923087039898501e-01
3.508537399618399943e-01 5.834657183102169853e-01 6.495083217781523199e-01 8.438085784994597827e-01 1.426900714172059548e+00 1.271072995816507012e+00 1.381231345980806768e+00 1.362423480416691479e+00 1.553230959017416035e+00 1.232092275609903309e+00 1.242703369247451839e+00 1.416302908787305803e+00 1.342708814849675303e+00 1.983850603734544915e+00 1.591634952779572121e+00 6.762645980988387651e-01
5.379346215846612100e-01 8.371162963899242415e-01 6.191680316771638326e-01 1.001345564184831893e+00 1.373345750159362666e+00 1.122398644702646608e+00 1.153097804041826935e+00 1.603081672992603846e+00 1.612756230812093294e+00 1.953981829010605242e+00 1.563245879856275389e+00 1.447130152392804625e+00 1.134319931886142330e+00 1.819972253195996315e+00 4.546757197417214402e-01 7.778254616164217428e-01
1.417667651474277646e+00 5.324160961005144355e-01 1.115900196805462707e+00 8.891517959460802922e-01 8.679732145919458741e-01 1.175862205736580179e+00 1.224621711629756193e+00 1.403913462239208432e+00 1.297574104684009244e+00 1.797901419740431495e+00 1.487597882336719080e+00 1.356376424875940456e+00 1.639630122355184794e+00 1.350979187968984307e+00 1.169857655109174388e+00 5.092276237165617170e-01
1.053770662187643925e+00 1.429747270418227911e+00 8.596387731322685521e-01 1.001460472597735518e-01 5.186715561455659262e-01 1.081916397443777322e+00 6.869344736750006009e-01 1.188619459146177171e+00 9.799072316789805281e-01 1.229844568048429343e+00 1.588007605624630614e+00 8.582686549406962628e-01 1.494363033061500090e+00 1.668908574025748992e+00 1.097360370183886547e+00 1.075526380472356935e+00
1.749340542164852907e+00 1.295728159924292244e+00 1.615915310969677776e+00 1.395447152357616405e+00 6.737301702501611311e-01 7.533902512136793073e-01 7.967083824470966302e-01 1.509292540597303445e+00 1.274854266195812658e+00 9.942182184248682386e-01 1.259448106765702180e+00 1.275756560029909892e+00 1.190722394358084024e+00 1.455363488267155114e+00 7.753220884846461214e-01 1.909489216054239380e+00
1.573000983809708098e+00 1.350342365637363651e+00 1.699257398665483310e+00 1.223045487693702027e+00 1.019498031877003275e+00 8.917089492420535723e-01 8.580633673686637319e-01 1.805394922418541270e+00 1.013692976554227076e+00 7.992566182010569786e-01 9.472603409203138591e-01 5.172293126487640391e-01 1.382095481637098056e+00 3.169704140725662089e-01 1.021310069368985163e+00 9.959228640690154233e-01
