-1.692408209547351161e+00 -2.266698808440114288e+00 -2.999100976605661106e+00 -2.374314014901429903e+00 -2.044387325703735936e+00 -2.889838836605142181e+00 -2.566266762097099363e+00 -2.417408384057310400e+00 -1.606855323992917972e+00 -1.618854896866796622e+00 -1.198721954180070881e+00 -1.857368265524241391e+00 -1.503594877324543999e+00 -2.477359477889612194e+00 -2.378648108825594409e+00 -2.158459085895101381e+00
-1.712494625357529054e+00 -2.037908597384014087e+00 -2.280613228341445531e+00 -2.895223823887258963e+00 -2.356789758717258376e+00 3.071071084853615130e+00 -2.093542457163199089e+00 -2.399649583864586155e+00 -2.597588694470707171e+00 -2.176855837448208320e+00 -2.036663110830561507e+00 -2.157034798775510076e+00 -2.192191222790401905e+00 -2.427183102379933732e+00 -1.950902622976030676e+00 -2.017806864555789392e+00
-1.887887624824909016e+00 -1.447343270582816865e+00 -1.570751032665396396e+00 -1.622291320285570881e+00 -3.035084981655194802e+00 -2.472681857254970694e+00 -2.341461152960081726e+00 -1.937676019418133277e+00 -3.008111909093855285e+00 -2.121391054162401701e+00 -1.951486332831352311e+00 -2.508801939311753326e+00 -1.036642381876857977e+00 -1.522917219679276624e+00 -1.723133557665149196e+00 -1.589136598116138943e+00
-1.444713091224388402e+00 -1.936491504265780650e+00 -2.027413847549293102e+00 -1.899885398079001142e+00 -2.463709389456548049e+00 -2.197958792911604675e+00 -1.726469173276423463e+00 -1.648677666867984559e+00 -2.478831169621668717e+00 -2.932526135693275915e+00 -2.829095409508385117e+00 -2.666161883597399029e+00 -1.585429462138066015e+00 -1.406503770014315258e+00 -2.192303914237959450e+00 -2.115993928064475504e+00
-1.343521656684951937e+00 -2.041402688979426561e+00 -1.285683723984514915e+00 -1.393520333104811604e+00 -1.849825996848194265e+00 -2.065641521847893625e+00 -2.319976545389907052e+00 -3.080173489670356979e+00 -2.680862527945526264e+00 -2.949918464523455075e+00 -2.300137596470119394e+00 -2.894293868501253808e+00 -1.452006481643947966e+00 -1.693179079761934602e+00 -1.868712416292443113e+00 -1.571369507767770068e+00
-1.504620397823080991e+00 -2.351808943149584330e+00 -1.812424966905261448e+00 -1.261362979008212371e+00 -1.634462215983747191e+00 -2.213440614487875990e+00 3.102230791734502002e+00 2.732374797905198882e+00 -2.379009014101313824e+00 2.577847614495067941e+00 -2.621462868169325500e+00 -2.034735870099271260e+00 -1.726115164207312036e+00 -1.687923609587932416e+00 -1.308145893491834633e+00 -9.005023934310005806e-01
-1.128117930263902613e+00 -1.164636348409376243e+00 -1.268476965667379108e+00 -2.012626621457469511e+00 -2.415589486116473950e+00 -2.379133272603097371e+00 -2.203089993009877734e+00 -2.794625054581836743e+00 -2.496347477695139983e+00 -2.883830932682968307e+00 2.946098899322088460e+00 -2.759217833054678604e+00 -2.837005257215557297e+00 -2.637331457772031484e+00 -2.036617227016687348e+00 -1.187365575435749721e+00
-1.241784609250943028e+00 -1.164695641412100580e+00 -1.758102362713809930e+00 -2.328750717627439570e+00 -2.760890088227701433e+00 -2.550154564449170991e+00 -2.583001637409251483e+00 -2.461623416967572808e+00 -3.124516981285555772e+00 -2.425395646481474987e+00 2.743192089014621970e+00 2.536541036674036409e+00 3.130247210487468568e+00 2.674500315567824860e+00 3.069407808715741481e+00 -2.066552519387943043e+00
-1.057014524846067616e+00 -1.086604897778053580e+00 -1.548992711797675392e+00 -2.478418796915727196e+00 -1.999435035285683115e+00 -1.994990705145368137e+00 -2.808354333832517646e+00 -2.599739579498799191e+00 -1.904232373644237031e+00 -2.444066125970445036e+00 -2.536294488136444425e+00 2.476350925056817420e+00 2.739095024605907369e+00 2.352130518595818121e+00 2.963128596120328861e+00 -1.151541347322249109e+00
-2.459856736848471392e+00 -2.383183228347082405e+00 -2.354479975274908377e+00 -1.853768242415499978e+00 -1.427853721594892322e+00 -2.295608429184579080e+00 3.110584444465565035e+00 -2.249873246083952782e+00 -1.989207133185342924e+00 -2.466176623701495263e+00 2.985087045409579698e+00 2.298240304232162412e+00 -2.864158758157884677e+00 -3.005441279265192112e+00 2.940316038327703385e+00 2.879071078200695410e+00
-2.301668389391720915e+00 -2.163447637865721251e+00 -2.977614665386085768e+00 -2.809200458825749092e+00 -2.480071316944997495e+00 -1.912787820480013501e+00 -2.352914710638412732e+00 -2.709662519386485169e+00 -2.151461824469690143e+00 -3.074028166227575465e+00 -3.102360615975903180e+00 2.333371707792735616e+00 2.527537373259119757e+00 2.849438213734134973e+00 1.887640847195027227e+00 -2.728762680714732713e+00
-2.461129869250898050e+00 -2.678157395975311772e+00 -2.968726773586568335e+00 3.067883821916260079e+00 2.625524174380491349e+00 -2.446631701701381889e+00 -2.883649644071535789e+00 -2.647925297311688908e+00 -2.119177780736623440e+00 2.928792117644885895e+00 2.276379222645558364e+00 3.049833396235061667e+00 3.137924531535771777e+00 2.518542419262405296e+00 2.138138875805434935e+00 -2.406812502561005207e+00
-2.372561440950757383e+00 -2.301341660225970198e+00 -1.874821421017376144e+00 -1.971004791820743174e+00 2.694781650885325064e+00 -2.905452750465436385e+00 -2.837984300289014161e+00 -2.782782747822329483e+00 -2.260997600102153893e+00 -2.191126885808737157e+00 -2.682999545533005126e+00 2.635661120723749029e+00 3.002243294326307321e+00 2.861620728848893513e+00 2.901154952057256597e+00 -2.527104129756238660e+00
-6.395202262223435019e-01 -9.559988099468311740e-01 -1.404524898557536927e+00 -2.521433569849459655e+00 -2.113699781082298390e+00 -2.126600932721029569e+00 -2.245705917188054013e+00 -2.213287600680428291e+00 -2.510199952065720996e+00 -2.342454151586017108e+00 -2.162393543820761543e+00 -2.737152063643265354e+00 -1.777457435114203399e+00 -1.683937312725605429e+00 -2.302530558539447991e+00 -2.294154885930284493e+00
-1.181827039004275548e+00 -1.499135550192508326e+00 -1.382886802741043697e+00 -2.691582111907551145e+00 -2.736612584323773412e+00 -2.473560020029632156e+00 -2.952754658492820816e+00 -2.628988981436496175e+00 -2.644121614460539060e+00 -3.007708551802643626e+00 -2.902285817765710707e+00 -1.124320931964680970e+00 -7.731065260494432989e-01 -1.848467640309880089e+00 -1.722313555951940467e+00 -2.212923406837203455e+00
-1.356463350067289353e+00 -1.931686570501691236e+00 -2.619774290517700610e+00 3.092160004730634792e+00 -2.630173052635341957e+00 -2.715726729951222218e+00 -2.718450566769532895e+00 -3.082749099542385185e+00 -3.047871805660364419e+00 -2.918475833284814858e+00 -2.115061042335764974e+00 -1.690909182852816439e+00 -1.928850569744203769e+00 -2.332210052886941831e+00 -1.653411238085997770e+00 -1.695093769446328613e+00
