-3.601185781195894164e-01 -1.066646897657405058e+00 -6.975994028953836912e-01 -1.168438784192595392e+00 -5.650727788257825512e-01 -4.539705719461617495e-02 -1.036873560815981365e+00 -8.765286506573917169e-01 -5.544181792503257711e-01 -1.600685169142300301e+00 -2.144482547532084560e+00 -2.221416914380601071e+00 -2.273954471738207861e+00 -1.637246663351506148e+00 -1.396920930635635161e+00 -8.416903085671791906e-01
-1.690852602380528147e+00 -5.836791350020976710e-01 -9.816093039911609752e-01 -5.907981297976337975e-01 -4.775851333162748347e-01 -1.074934143948723664e+00 -9.013975765370049187e-01 -9.508497112000918738e-01 -1.083173411752255566e+00 -2.080398419752866435e+00 -1.692513059863780533e+00 -1.041120485428663534e+00 -1.007551965215923273e+00 -9.359626421345081937e-01 -6.710242130281248718e-01 -7.405229687171052122e-01
-8.019826570638061147e-01 -1.309021458568960350e+00 -4.741541780630853520e-01 -1.483250687369120469e+00 -1.634698212113661286e+00 -1.233008041799478205e+00 -1.136577866557405114e+00 -1.249450300628287547e+00 -1.221341777836508102e+00 -2.424413699470580053e+00 -1.785088133710690750e+00 -1.695967066979043203e+00 -3.392328860322349482e-01 -8.145762987475669847e-01 -1.091353240893008225e+00 -9.808700933681337997e-01
-1.027069178260742399e+00 -7.445123945197935633e-01 -7.074564551574812343e-01 -1.060894643625108769e+00 -6.119360321320074236e-01 -3.898222563508279004e-01 -2.508861194316272525e-01 -9.813011923253978086e-01 -2.620287799754177804e+00 -2.107520426214499754e+00 -2.109109043573015985e+00 -1.671939875175535217e+00 -7.968705897512393665e-01 -1.283942134271586877e+00 -1.836623083278696944e+00 -1.340000807591159804e+00
-1.212704083976047009e+00 -1.028994774935798384e+00 -7.135978635472605136e-01 -1.242103612756401132e+00 -4.245954065407431255e-01 -8.685984886483401057e-01 -6.656941644696471316e-01 6.067408380041385829e-01 -3.135958547606063629e-01 -1.674853633424208565e+00 -1.220274541316181072e+00 -9.760926589542054943e-01 -1.095742016094514604e+00 -2.529626172868730372e+00 -1.698547919250965377e+00 -7.746533762864232786e-01
-1.830414737444015172e+00 -1.936576036927351252e+00 -7.181165959428015277e-01 -1.106909172670903940e+00 3.328576834027568432e-01 -4.951182766529455687e-02 -6.720561452969135985e-01 -7.580445601295205948e-01 -1.011115062356128691e+00 -1.818057134689517795e+00 -1.122734309483546022e+00 -1.846666979484463678e+00 -1.055867860106445955e+00 -2.197704521805685207e+00 -1.683658262642857784e+00 -1.249118670919488805e+00
-2.375065893765510250e+00 -2.483580338668666343e+00 -1.858638206567249762e+00 -2.377456599622283395e+00 -1.411723846780391201e+00 -1.391404370411573277e+00 -9.482156763143365641e-01 -1.915883996842597137e+00 -1.248346833715760384e+00 -1.083690827146702951e+00 -1.396221729339550466e+00 -2.141351416493456394e+00 -1.775113325479055648e+00 -2.418578083313040139e+00 -1.260468066671566190e+00 -2.111551359676580919e+00
-2.686343575935797201e+00 -2.746409946685402392e+00 -2.413793319163938023e+00 -1.737634420514616140e+00 -1.686732185651346194e+00 -6.284329632955616418e-01 -1.465920373075498384e+00 -1.959219183078051207e+00 -2.142717957017842068e+00 -1.303498715065631197e+00 -1.546102309777944050e+00 -2.628260425958017787e+00 -2.301022484917733202e+00 -2.975005699412670790e+00 -2.386409798591451192e+00 -2.309540129781899598e+00
-2.452535791551497812e+00 -2.316094269263252237e+00 -1.713324815768485498e+00 -1.999909466299744976e+00 -1.806101078947591754e+00 -9.303318731786682783e-01 -1.934076264568115100e+00 -1.081647604110795635e+00 -1.446213831565585695e+00 -1.507761881263180781e+00 -1.808752371501967326e+00 -1.117581705436152983e+00 -1.401693281357056842e+00 -2.312545289299356099e+00 -2.063176118921057789e+00 -2.465344480208396583e+00
-2.159521159005921564e+00 -1.973304284687840360e+00 -1.712494226187213586e+00 -1.987431899212803055e+00 -1.919192182602974972e+00 -2.171188571409791823e+00 -2.038181856985710194e+00 -8.359856309853591627e-01 -1.832544036087015327e+00 -1.553847037849372059e+00 -1.222418692095869508e+00 -1.607122945180546880e+00 -1.353285505105083830e+00 -2.191771305530098690e+00 -1.658459852732251383e+00 -1.763652983087868220e+00
-1.379736240650726531e+00 -9.386193934999363941e-01 -1.207740786293061364e+00 -1.550153428579022608e+00 -1.795457572941492108e+00 -1.427111799994126740e+00 -8.782463529066174557e-01 -1.564420646135620041e+00 -1.941856499427283334e+00 -1.250091760222624915e+00 -1.878339137724332142e+00 -7.365140560432953398e-01 -1.156284015134211307e+00 -1.020313504119095827e+00 -1.539259482864419715e+00 -1.418997285762274352e+00
-1.398054569669682889e+00 -2.100071881575032329e+00 -2.499434538964000030e+00 -7.306082071627174601e-01 -1.576322189331311519e+00 -1.065000139249571598e+00 -1.086897007845007979e+00 -1.012892151895506299e+00 -8.951589326740648778e-01 -8.378280694865687384e-01 -1.391276049363142642e+00 -7.764764780778478093e-01 -1.165810845629160708e+00 -8.153725781545325679e-01 -1.445336475000312371e+00 -9.429978119643362966e-01
-9.573013614563985474e-01 -1.374260344880057660e+00 -2.275988044538075794e+00 -1.784238982771700899e+00 -1.218173827110004437e+00 -1.047550456100904137e+00 -1.246995945100078274e+00 -1.384489584676334761e+00 -1.276865588397223972e+00 -1.639819777302870873e+00 -1.101267403388930921e+00 -1.670157861088628959e+00 -7.084580966021229997e-01 -1.799262889578214564e+00 -2.463497754319432520e+00 -1.374562954515828439e+00
-1.842008005728186459e+00 -1.583323531897695924e+00 -1.170239341021234392e+00 -8.389334107875773272e-01 -3.974800740774924179e-01 -7.497082302294484357e-01 -7.661156167130417360e-01 -1.990660061984443230e+00 -1.850495985852851133e+00 -1.167928996242658002e+00 -9.459073568427112111e-01 -1.428207071548840412e+00 -1.163999182638795871e+00 -2.502614279320648283e+00 -2.116529306233549068e+00 -1.577236441526899791e+00
-2.276958779103804620e+00 -1.577577869643320918e+00 -9.048824434361965041e-01 -1.544813673789863895e+00 -1.875046518588596500e+00 -7.941287059923493041e-01 -1.102987676709121123e+00 -1.016865825555989256e+00 -1.644172552476677263e+00 -1.656743363448127004e+00 -1.050781837948201014e+00 -8.594736224274301950e-01 -8.748655800597849863e-01 -3.136131629920992037e+00 -1.466819306564441261e+00 -1.331642332842472021e+00
-2.248456831480425411e+00 -1.345695358983176382e+00 -7.562923630838241928e-01 -1.661901744630058353e+00 -5.119051258683895433e-01 -1.478616780465013880e+00 4.589591047223479103e-01 -7.877859276038428060e-01 -9.532845388874893189e-01 -1.478930231257352679e+00 -1.441054526950609649e+00 -1.581923187887715576e+00 -1.513263557415708727e+00 -2.482206828705875612e+00 -1.583946841763768321e+00 -1.836761797937765284e+00
