-3.075060620149836499e-01 -1.087868784565092728e+00 -7.828619897892360457e-01 -1.015053452202855810e+00 -1.465670945900371169e+00 -6.110147307599633759e-01 -1.043281081096159468e+00 -6.820006986413219563e-01 -1.711611605303536843e-02 2.545524687907790851e-01 7.231548041248498926e-01 7.605836986897839269e-01 3.101159186990535832e-01 4.705144843630138657e-02 1.870807642436761453e-01 -1.817970076954149028e-01
-5.132291771328405527e-01 -6.711256255597100040e-01 -4.345236673473492073e-01 -2.841432743645223025e-01 -3.658671891916556174e-01 -4.952826915964974042e-01 -1.190932778201660991e+00 -1.034426412810232732e+00 -1.009179242539658405e+00 -5.024951128298357772e-02 -6.013551884519020563e-01 -8.119884845998884826e-01 -1.673426116265607444e+00 -1.577028734685383071e+00 -1.105882515423011636e+00 -7.197702089787132440e-01
-2.220649176489450927e-01 -4.896708271984798189e-01 -3.642635490326210923e-01 -1.563724959944429865e-02 -1.220179293864912667e-01 6.909668028961128694e-02 -7.731092898044067407e-01 -1.080079831110724253e+00 -7.383617729064273494e-01 -5.299239215338964470e-01 1.639971993183324317e+00 6.434219164221560748e-04 -1.397228771615640852e+00 -1.593731818217126506e+00 -1.220142767950501916e+00 -1.689051022871245644e+00
-1.344300240375139843e+00 -1.701305056018888484e+00 -1.286859334962330514e+00 -5.441305301940687622e-01 3.326977249007097570e-01 -3.929096296139070188e-01 -3.817481872033538504e-01 -1.898148409462975694e+00 -3.124756202579000441e-01 -1.179722623031050244e+00 -7.258742033526319748e-01 5.746087885244346438e-01 -1.531579103465132707e-01 -6.017504483055926556e-01 -2.193643278451815171e+00 -1.435016603307299299e+00
-1.346118998816282719e+00 -8.664039694440258677e-01 -1.470133392863898880e+00 -6.296692437620531324e-01 1.104955160968028594e+00 -4.761622634595616965e-01 -1.555759300522119082e+00 -1.273710149854621942e+00 -1.666096792335300059e+00 9.039036160078380011e-02 -5.518465175327649103e-02 1.403213236511635931e-01 -4.517517594660051816e-02 -3.473721035347787089e-01 -1.601453008650499110e-01 -1.281133357837083153e+00
-2.076897740753992583e+00 -1.523748420917464319e+00 -1.319606464851855510e+00 7.253324748850316361e-02 1.374099168843603835e-01 -4.205328154069838953e-01 -1.497617515221615347e+00 -1.254304054455729567e+00 -1.987750265555783269e+00 -4.891886266402468708e-01 -2.173157283950706842e-01 -1.544632646232179662e-01 -2.287312684078216529e-01 -6.641383173053418965e-01 -1.438440419925056946e-01 -7.785304046444130321e-01
-6.237525677734586660e-01 -1.540774978882818447e+00 -1.260784866229279988e+00 -9.876918420624831718e-01 -9.098991618944681781e-01 -2.353291682399856755e-01 -1.377023611038499018e+00 -2.219084709965916336e+00 -1.536714630329961917e+00 -2.976207212896704868e-01 -1.245308385022382280e+00 -1.783677582459776145e+00 3.634737579927183049e-01 2.631284517194518169e-01 1.213659202711628415e+00 -5.621601461911491793e-01
3.270094424505047559e-02 -1.217690610877991020e+00 -7.146479060473271971e-01 -8.556955717530544125e-02 -1.403073726353898099e-01 -7.216393371932704193e-02 -7.266880151503085639e-01 -2.179840913578961814e+00 -9.601792200927317111e-01 -8.134118044344269549e-01 -9.773060107910445105e-01 -1.220062674742512066e+00 -4.415613274183770032e-01 5.473760138136705977e-02 -7.007698638919389600e-01 1.029706881750950265e+00
-6.501473703086974032e-01 -2.780844689393808356e+00 -4.615185747073990430e-01 -1.132826294788745081e+00 -6.129541571905058328e-01 -1.972964600196901674e+00 -8.664196230768584917e-01 -1.830078382711235463e+00 -2.820808855534624460e+00 -2.336544139471214976e+00 -1.593150055432755563e+00 -5.732537693668985357e-01 -3.043765434909964984e+00 -2.060027159311513145e+00 -1.504760337488233457e+00 6.841303417204854798e-01
-2.206961902681069621e+00 -1.662389308313579450e+00 -2.459225630303306931e-01 -6.269997788336437727e-01 -1.911188913539193068e+00 -1.915277832993485196e+00 -2.063209349280962890e+00 -1.113165144595620992e+00 -1.123782686843821654e+00 -1.157836586848274729e+00 -1.541709126914027950e+00 -1.651275702882467833e+00 -1.931870677379950996e+00 -1.405661419351911245e+00 -7.570432266594249171e-01 -1.797111663862220210e+00
-1.721908121735930219e+00 -6.049415585390154337e-01 -5.208065501919245319e-04 -1.164141159142630944e+00 -1.476534674738161579e+00 -9.574690576999042024e-01 -1.017571907830648215e+00 -1.314297407288688158e+00 3.440233572177411880e-01 1.063227771159326596e-02 -2.361827419595934341e-01 2.776637584767126590e-02 -1.281650861040637190e+00 -7.168448944750441809e-01 -1.951061796407392857e+00 -1.144286890249476718e+00
-1.108745418939574234e+00 -1.083690893784694520e+00 -2.778849207498732543e-01 -6.114455722240381697e-01 -8.703757178101492187e-01 -1.057617360665916051e+00 -2.809689072777906138e-01 -1.655967580312510748e-02 -3.429227114716867919e-01 -3.773082147410378173e-01 -1.138835362134051898e+00 -1.352246678331708862e+00 -6.449973334211879239e-01 -1.198604310009555363e+00 -4.352518742339769320e-01 -2.541053448481421229e-01
-5.885796360561050822e-01 -1.781748214688849252e+00 -1.679941591184880290e-01 -6.623633767241322856e-02 -1.755486668689604679e+00 -1.193119741823933655e+00 -2.082210933616460979e-01 1.359493689607794153e-01 -6.281527535297499742e-01 -1.953202203994705566e-01 -5.847778503024599894e-01 6.439902889155940668e-02 -5.553261045018567654e-02 -6.110134202876568166e-01 -5.133944789780575668e-02 -6.665517476422258003e-01
-7.343308563390408272e-01 -1.565618709127461816e+00 -1.596229114846774155e-01 9.804401691146119591e-02 -2.562569587116856340e-01 -1.953791579147911850e-01 -6.263562152844812658e-01 -1.262240903574374684e+00 -1.136369398590116431e+00 -1.425150261967532028e+00 -7.762139954880376003e-01 4.823344391193558622e-01 -1.525154398268644407e-01 1.699406240016406722e-01 -9.089535356687324930e-01 -1.383970390522571758e+00
-1.133956742670370943e+00 -8.752674753396919582e-01 -3.263553059764091602e-01 -1.481581490748683949e+00 -1.614683540617459778e+00 -5.228433166822370470e-01 -2.402131329947449212e-01 -5.865828633267065051e-01 -1.341525016662638847e-01 -2.028517585369252085e+00 -2.633381030354784880e+00 -3.307917908435838439e-01 -1.111262819988270589e+00 -4.582248763974449551e-02 2.017358724792914504e-01 -8.859217930901017723e-01
-1.145370599677031143e+00 -1.545924776545172907e+00 -4.113044593470565613e-01 -7.187933788478796382e-01 -9.126108909933809965e-01 -7.365159446095631557e-01 -1.934416755856924963e+00 -1.588688992065873107e+00 -4.350678368459843792e-01 -7.103184995196315521e-01 1.614362070826838247e+00 -3.981111207335248370e-01 -3.356911786191881797e-01 -3.103205711948990309e-01 1.082859900865257519e+00 -1.185154463951996862e+00
