2.641527258002664524e+00 2.242469845708737974e+00 1.817927389677772565e+00 1.691860895749335958e+00 2.765707139012402838e+00 2.952999198688155857e+00 2.343617989336528762e+00 2.488582895088972347e+00 2.282090323193612935e+00 1.962668049794142222e+00 1.487097934357437978e+00 2.209711677926871065e+00 2.161408422071966928e+00 1.619946788597591336e+00 1.678781622436112064e+00 2.135626644512619077e+00
2.445714938336140953e+00 1.478417564528962558e+00 1.431399829531495582e+00 1.990651875968340923e+00 2.990081599718999783e+00 2.433674815673213754e+00 2.333935502491243597e+00 2.687216369384057391e+00 2.668220965314752391e+00 2.456299394628287391e+00 1.891456068447895822e+00 1.782508738374554813e+00 1.403222474343096327e+00 1.536357040998882484e+00 1.770310237098799977e+00 2.349225842393876107e+00
2.111117937336719486e+00 2.157203712531765571e+00 1.417014385181514680e+00 1.928358907801784872e+00 2.280077435251556039e+00 2.390177362569949615e+00 2.995885033441302525e+00 -3.090522502564364782e+00 -3.035272223855009610e+00 2.155160132095772063e+00 2.304259921977970027e+00 2.016174232259915655e+00 1.556694502520714618e+00 1.975415974134793196e+00 2.304727818389351590e+00 1.709791753481063159e+00
2.274597750174626398e+00 2.617286314734697417e+00 2.713278765596633058e+00 2.418338803220457578e+00 2.201079966928385812e+00 2.210000883008787831e+00 3.046767976815372592e+00 2.360619776490017419e+00 2.194597531288082326e+00 2.815115417926662200e+00 2.988113887760471599e+00 2.276326041315457793e+00 2.232383629675353198e+00 1.874606493518168104e+00 2.496173481507266256e+00 1.651824183136757496e+00
1.739321255630785990e+00 2.232299518290539631e+00 2.554760570564765132e+00 2.661725578731987785e+00 2.734887468847752245e+00 2.164576910556838651e+00 2.194965164016493997e+00 2.110982756401656779e+00 2.095659482424716114e+00 2.964556065249967176e+00 2.000376770978298246e+00 2.572821834062306134e+00 2.467366395171294968e+00 2.133475561176095159e+00 1.952639179796084035e+00 1.048355407913465820e+00
2.078600364740136097e+00 2.196661341768531006e+00 2.176206944365660423e+00 1.992225144299768047e+00 1.877308768108357784e+00 1.752647974911225814e+00 2.655330584297281415e+00 -3.011453600579063306e+00 2.578271363552125717e+00 2.535935265137538419e+00 2.661768019066709012e+00 2.651221286277389400e+00 -2.365990622326998860e+00 2.662419773227314934e+00 2.099546167524297680e+00 1.467347874561851784e+00
1.616081078093951406e+00 2.012264116373510880e+00 2.389890764341651597e+00 3.070753252088334051e+00 2.302217071299850204e+00 2.934577948695741956e+00 3.004045080787366206e+00 3.091552699079571642e+00 2.731350409064584817e+00 3.004404989387259306e+00 2.712027649502877669e+00 2.975719513560201257e+00 -2.247739236222238368e+00 2.855819703942338972e+00 2.948768202718288656e+00 2.165993736958902627e+00
2.070310024257510761e+00 1.561343180393583996e+00 2.199972184937203590e+00 2.136620604047990035e+00 1.938890957878871335e+00 2.109057835856631868e+00 2.555196610700924076e+00 2.663852070891353119e+00 2.515681631713573729e+00 2.204670360175429167e+00 2.862090085298798048e+00 2.400724611214198223e+00 -2.936011847992332058e+00 -2.931351268032613255e+00 2.529173683940914241e+00 2.146301465468059000e+00
1.774678134231032045e+00 2.453678839276662416e+00 1.946235157394637705e+00 2.933464534272528290e+00 -2.723623858641639028e+00 2.375257710520592980e+00 1.593550158197643674e+00 2.394882179744996176e+00 2.857547406326060635e+00 2.240814059533819069e+00 1.895231808178486022e+00 -2.697553153013229288e+00 -2.841730572851631553e+00 -2.764870131012538756e+00 -2.857787138639532376e+00 2.210544000703815293e+00
2.298050850420926494e+00 2.664187447343334458e+00 2.597476356844407697e+00 3.010291220984784299e+00 -2.457365049868225348e+00 1.741285380759045376e+00 2.316195254767964951e+00 2.665266232717875994e+00 1.974346476390718363e+00 2.736821302236231546e+00 2.498972761705939405e+00 3.119025963366625742e+00 -3.014522533279802907e+00 2.829244807694013986e+00 2.860115418648801366e+00 2.303235011517237307e+00
1.721444571331206763e+00 1.736148624603070179e+00 1.458676283315317068e+00 2.584824919260770404e+00 2.762640762298393060e+00 2.563554985156520694e+00 2.510765190496594634e+00 2.164413142052801220e+00 1.921407871714211568e+00 2.548987935617120559e+00 -3.018640629290159971e+00 -2.655485478219132389e+00 -2.986389310950638531e+00 2.945505450622263321e+00 2.668920762716394446e+00 1.752995805016431596e+00
1.921051733534562711e+00 2.040299927819323234e+00 1.566448321422625689e+00 3.075734827465855137e+00 2.500623243822528430e+00 2.867499946233342367e+00 -2.764921342490360257e+00 -2.936715287099285643e+00 1.340998048155013223e+00 2.825548533249639060e+00 2.334360207501730233e+00 -2.747156881094853453e+00 -3.058298041115678600e+00 3.122121516218174797e+00 -3.009653635497977930e+00 2.497767565895693487e+00
2.253714402714322773e+00 2.554430810934109619e+00 2.579597250822250221e+00 2.316348767489161631e+00 2.673974590606122081e+00 2.369589657677842354e+00 2.951052551991310668e+00 2.006152764031736702e+00 2.676223644439975402e+00 2.573581167374658918e+00 -2.876970608975600641e+00 -2.841556494991749116e+00 2.967974735482427739e+00 -3.001051889775654846e+00 2.637642599533304377e+00 2.723026156484264160e+00
2.018655818825041859e+00 -2.612907488692487235e+00 2.123027717211739773e+00 1.993944546040701704e+00 2.312686174630199432e+00 2.656078250169492616e+00 -2.920302684687313466e+00 2.699453229219209938e+00 2.813461595146339977e+00 2.949162271717468364e+00 2.522109047995828135e+00 2.849008512609611632e+00 -3.141047659899227629e+00 2.909056420827743850e+00 2.875692018231127633e+00 2.971740630298154606e+00
2.060978045409398884e+00 1.453333881977088460e+00 1.291688163267830758e+00 2.754086834172428055e+00 2.687594767281923147e+00 3.135712955469422081e+00 -3.050676030044027875e+00 2.684897025928066672e+00 2.858667021911324380e+00 2.770868869641265775e+00 2.400662648365776253e+00 2.738899755400124647e+00 2.973909764906413677e+00 2.651618232404384212e+00 2.576914781806546095e+00 2.407418814898305115e+00
2.701408011324917258e+00 1.565557307455894165e+00 1.286464796514949160e+00 1.523003389280464637e+00 1.826584825637310505e+00 1.454835763596046272e+00 2.070060213062935528e+00 1.830770168354619365e+00 1.880092394792734378e+00 1.756848170456001057e+00 1.685591465787040777e+00 1.900221679173668576e+00 2.283756572358338399e+00 2.172616425475121904e+00 2.608277769581060834e+00 2.604124174495750399e+00
