-1.245148211425616935e+00 -1.462585409242553647e+00 -2.724950374155159505e+00 -2.473119578221329995e+00 -2.818110970730744125e+00 -2.064137626929476887e+00 -2.582882396957763671e+00 -2.591297582123787802e+00 2.873346459516042728e+00 -3.050335256975323706e+00 -2.705677702274767338e+00 -2.593817160183931936e+00 -2.138610379746723744e+00 3.063222977692985349e+00 -2.505862089209763610e+00 -1.402076186625595744e+00
-1.843847151069881285e+00 -1.922128534793406507e+00 -2.648710066334312607e+00 -2.455170989753577171e+00 -2.757614655125462999e+00 -2.631517702747610876e+00 -2.833872066481129437e+00 -1.716294430851512898e+00 -2.493710424454549823e+00 -2.416977555236425879e+00 -2.484739148285040056e+00 -2.074416326954156453e+00 -2.321377531992978138e+00 -2.344637044884861243e+00 -2.654312687199992471e+00 -2.736866020852580572e+00
-2.203751646292327671e+00 -2.405955476176530272e+00 -1.850477142995608837e+00 -2.967199780979034696e+00 -2.753503434797525351e+00 -2.088215583111205476e+00 -2.571879516772769492e+00 -2.367946960617259844e+00 -2.274360536010740841e+00 -2.283144494958652793e+00 -2.592175394172280711e+00 -2.553028366803996807e+00 -2.350919689167217719e+00 -2.428580782171299024e+00 -2.235587156252596408e+00 -2.292400126568569618e+00
-2.294104048912839033e+00 -1.370352264513378548e+00 -2.513037430396350747e+00 -2.846290834991245688e+00 -2.872027332227048646e+00 -2.683350246871537337e+00 -2.813660930639912738e+00 -2.036614302341506644e+00 -2.248432584181776051e+00 -2.505443451335402472e+00 -2.211755075260683157e+00 -2.328269378694610481e+00 -2.510691919500672498e+00 -2.722951071246574983e+00 -2.800887192342875753e+00 -1.838846967782805653e+00
-1.837836533605527789e+00 -2.009316276627437059e+00 -1.396815076455342863e+00 -2.484665507174257826e+00 -2.828555145980814256e+00 -3.122826477096570574e+00 3.124099847590723567e+00 -2.542644688691926280e+00 -2.323795007897734521e+00 -1.306588255026171819e+00 -1.812611376485885994e+00 -1.697743861750298011e+00 -1.999127884264205735e+00 -2.685549907597726715e+00 -2.586490334588830375e+00 -2.227315859704229961e+00
-2.369403140799768437e+00 -2.340677239879231486e+00 -2.691126207858231201e+00 -2.302835779909247371e+00 -2.675305796732696528e+00 -1.857297890047951094e+00 -2.316516245256082129e+00 -2.211186373511444536e+00 -2.128005636652677168e+00 -2.633965931848650577e+00 -2.025225903339913813e+00 -2.170321988733920460e+00 -1.997464170768260106e+00 -2.133610507572907711e+00 -2.384224688449068097e+00 -1.819078125624260966e+00
-2.289109768954415092e+00 -2.447186604301418988e+00 3.074641489262770033e+00 -1.986618179480668323e+00 -1.582974962433881361e+00 -2.008983198003493342e+00 -2.294830964750171010e+00 -1.690334231462369941e+00 -1.781391758996744956e+00 -2.167845373913163343e+00 -2.116886143123384745e+00 -2.182920027352684755e+00 -2.846757113262508909e+00 -1.939022894581317047e+00 -1.887488417843604438e+00 -1.812739306708067488e+00
-2.397217528537842313e+00 -2.577107700638192167e+00 -2.158790987523842908e+00 -2.087347460830853318e+00 -1.929134228630191350e+00 -1.869730915410147798e+00 -2.461262847551715982e+00 -2.124387750664480823e+00 -1.910407075868700622e+00 -2.365932081063244041e+00 -1.478515162420999562e+00 -1.149148314737243215e+00 -1.714808579926095922e+00 -2.429676728916478012e+00 -1.747437816137858757e+00 -2.471869291139927149e+00
-1.924051823891038016e+00 -1.714806092474714605e+00 -2.011439897559436751e+00 -2.545668578001364590e+00 -2.083138743302360041e+00 2.859808471821440268e+00 3.090481566790028722e+00 -2.058568357684424921e+00 -1.907525529231539396e+00 -2.220382350802954985e+00 -2.053722796280129881e+00 -2.097816831431888129e+00 -1.544934356112681817e+00 -1.843702936767529721e+00 -1.455992551282567771e+00 -2.548893532699822106e+00
-2.554103666601320821e+00 -2.711721442605045773e+00 -2.081522904524367945e+00 -1.520758623234430784e+00 -2.196527031945440633e+00 -2.394818883684932675e+00 -2.491135039192347911e+00 -1.570968695238433410e+00 -1.302388636488400309e+00 -2.055584809812133429e+00 -2.366850834446008189e+00 -2.195589514990612834e+00 -2.381670192381811990e+00 -2.473846395683511279e+00 -2.657379913623472145e+00 -2.837146265152931335e+00
-2.497464096152309132e+00 -2.486599461527921662e+00 -2.011745528205910460e+00 -2.008034532293501151e+00 -1.948156187574625386e+00 -1.379965641891685468e+00 -8.457732456846436264e-01 -1.697945366397862088e+00 -2.094338529763608125e+00 -2.691462607506994509e+00 -1.913793299347522625e+00 -1.874586949747846232e+00 -2.177474948757599726e+00 -2.142840625973253754e+00 -1.643621944404185076e+00 -2.754073423673019327e+00
-1.774931975942789508e+00 -1.904556334084589686e+00 -2.655283393903510536e+00 -2.746918328690883371e+00 -1.875202363996463228e+00 -2.012872046482893751e+00 -2.193859636057593043e+00 -2.818987978355958823e+00 -2.334012636809314589e+00 -3.002251990100604395e+00 2.977022872276743559e+00 -2.496861197627115114e+00 -1.373717445500910017e+00 -1.707801702461547722e+00 -1.943600424683336492e+00 -2.069742284100647645e+00
-2.543305618502766485e+00 -1.744253510315306954e+00 -2.552074852969175023e+00 -2.428127263773375066e+00 -2.188211013361235580e+00 -2.141684900022975402e+00 -1.940360848385046522e+00 -2.215447706826423335e+00 -1.772100423232234823e+00 -2.602049883774335992e+00 2.962941804870081519e+00 -2.707526766568900900e+00 -3.013212635956642238e+00 -1.971786224354825201e+00 -1.830444101341693441e+00 -2.720452760582833029e+00
-2.282448368485500811e+00 -1.391602064210541778e+00 -2.409085101154338826e+00 -2.841205399854899394e+00 3.125043714795898708e+00 -2.253827225065615725e+00 -1.987243954346867403e+00 -2.771300323152856571e+00 -2.563464953154662496e+00 -2.895872715593066804e+00 2.901454360163084001e+00 -3.138742200802018711e+00 -2.954473387768119075e+00 -1.785952469602940962e+00 -1.798364110078121136e+00 -2.288141645890904741e+00
-1.877532803587540933e+00 -1.764891990759382745e+00 -2.333835489190703161e+00 -2.330889295275638151e+00 -2.467040923150459086e+00 -2.669890834328208840e+00 -2.219369116759528637e+00 -2.000491402719487777e+00 -2.442914487296214965e+00 -2.767300341684092668e+00 2.911225603896529623e+00 -2.620126082718221561e+00 -2.238665635716697633e+00 -1.844877857983304947e+00 -1.499342367003579257e+00 -1.184748695437977117e+00
-2.672558369863077488e+00 -1.906756630257504082e+00 -2.715330205288489562e+00 -2.065259671890145921e+00 -2.358656863633381562e+00 -3.073718697963449653e+00 -1.817552862294708804e+00 -1.765868541897459121e+00 -2.744950424085674356e+00 -2.943278655672254995e+00 -2.799127050776646808e+00 -2.036335137968495967e+00 -1.949198606922428301e+00 -2.291886965819181388e+00 -2.029426293099420686e+00 -2.832925262589640614e+00
