1.000000000000000056e-01 -1.949232893748503948e+00 1.980816260083173141e-03 9.746542943966829409e-01 2.404047964787991987e-04
1.140000000000000041e-01 -1.942123886668013721e+00 2.191497975053696787e-03 9.715464734179518613e-01 2.581273148297877590e-04
1.280000000000000027e-01 -1.935077800292636319e+00 2.021485270760911904e-03 9.677424758548506256e-01 2.672722838620994468e-04
1.420000000000000151e-01 -1.927575657090969896e+00 2.172807763133191745e-03 9.642382125463333509e-01 3.260047256006071777e-04
1.559999999999999998e-01 -1.920777123053023283e+00 1.977902308041017739e-03 9.609705396453120940e-01 3.212090132764799932e-04
1.699999999999999845e-01 -1.913731604022514077e+00 2.123782985814373983e-03 9.569562435824675584e-01 4.055317474800891001e-04
1.839999999999999969e-01 -1.905718517740432327e+00 2.083506631387465908e-03 9.533719706447787434e-01 4.013068164950308572e-04
1.980000000000000093e-01 -1.897731409587023466e+00 2.143148121450707665e-03 9.496782370784756511e-01 4.211670493464657848e-04
2.119999999999999940e-01 -1.890901931212780607e+00 2.314275026916036426e-03 9.459280340599892645e-01 4.916579091200032900e-04
2.260000000000000064e-01 -1.882964323041305121e+00 2.032082658198237825e-03 9.423669096009898993e-01 4.979710197719551708e-04
2.399999999999999911e-01 -1.875846012027932108e+00 2.158387331317272121e-03 9.385094575056244226e-01 5.415029596902987130e-04
2.540000000000000036e-01 -1.868592534170908870e+00 2.105444389729957660e-03 9.345782881059181424e-01 5.456666600103121266e-04
2.680000000000000160e-01 -1.860825617559271894e+00 2.179090835455888778e-03 9.314212999247313274e-01 5.644642102214190299e-04
2.820000000000000284e-01 -1.853773065213987215e+00 2.190149297355003643e-03 9.278462430593351629e-01 6.042812137809755848e-04
2.959999999999999853e-01 -1.846125563883475040e+00 2.305312543226291973e-03 9.237681715255244841e-01 6.463289709279935449e-04
3.099999999999999423e-01 -1.837979872487946809e+00 2.165251082077988484e-03 9.202624866841279117e-01 6.530175834360624687e-04
3.239999999999999547e-01 -1.830219881457743725e+00 2.243786616861713837e-03 9.161387289177559401e-01 7.202448199362790132e-04
3.379999999999999671e-01 -1.822945264055224834e+00 2.160615399251618156e-03 9.128474477733209413e-01 6.912787013674424538e-04
3.519999999999999796e-01 -1.814831193068868087e+00 2.196931234151624363e-03 9.090007051840713892e-01 7.959957524452338038e-04
3.659999999999999920e-01 -1.807695559918971684e+00 2.145321467809704116e-03 9.053372808334697597e-01 7.981195188969978727e-04
3.800000000000000044e-01 -1.799561168523679200e+00 2.291682467531920044e-03 9.005524874970615157e-01 8.224624764603745593e-04
3.940000000000000169e-01 -1.790143501817675231e+00 2.208482607526586657e-03 8.963677400925875727e-01 8.860675629374769463e-04
4.079999999999999183e-01 -1.782839877685751029e+00 2.235018748565465330e-03 8.923405140889373310e-01 8.729584144772119508e-04
4.219999999999999307e-01 -1.775520872855582244e+00 2.406508794163062914e-03 8.886731891719611420e-01 9.803427713582471732e-04
4.359999999999999432e-01 -1.766158729722563381e+00 2.349978338635291212e-03 8.843718931967193830e-01 9.753359669692308409e-04
4.499999999999999556e-01 -1.758818935426964103e+00 2.324514335152433765e-03 8.799372128863742759e-01 1.042354758520078455e-03
4.639999999999999680e-01 -1.751227129332406207e+00 2.284067398329376729e-03 8.760849613440092609e-01 1.123446949403398079e-03
4.779999999999999805e-01 -1.741494985135494833e+00 2.449982531792704345e-03 8.710652340669450266e-01 1.168416875362004699e-03
4.919999999999999929e-01 -1.734284006183002269e+00 2.280261327760010979e-03 8.677660070435585515e-01 1.158665259817623708e-03
5.060000000000000053e-01 -1.725338250360751724e+00 2.405553290481172914e-03 8.632051221892197423e-01 1.225781334228277872e-03
5.199999999999999067e-01 -1.716159758500721111e+00 2.357750346840057579e-03 8.587923259187888458e-01 1.254126684168816591e-03
5.339999999999999192e-01 -1.709275404984609947e+00 2.405323805237029409e-03 8.551569453281041566e-01 1.235067794377241570e-03
5.479999999999999316e-01 -1.702498421031951814e+00 2.332973976720760598e-03 8.518091744844364932e-01 1.272733129894032013e-03
5.619999999999999440e-01 -1.692141976525818992e+00 2.505941646799405946e-03 8.469739794104118591e-01 1.301513076246192105e-03
5.759999999999999565e-01 -1.684820133135214171e+00 2.512057050561823657e-03 8.429132379302516354e-01 1.318474824395039898e-03
5.899999999999999689e-01 -1.675933129229344454e+00 2.426057756025448969e-03 8.386695156057323297e-01 1.373695502115968243e-03
6.039999999999999813e-01 -1.663978425691043483e+00 2.580771703112742441e-03 8.326521457279181249e-01 1.478929240406230000e-03
6.179999999999998828e-01 -1.656022303181232891e+00 2.586222225720755889e-03 8.288243030121122956e-01 1.473301028363636737e-03
6.319999999999998952e-01 -1.647198462687502252e+00 2.665665937367168049e-03 8.236597630910037493e-01 1.621186605866129773e-03
6.459999999999999076e-01 -1.637201730431230740e+00 2.653351622223595538e-03 8.190799194922284698e-01 1.583191532363116983e-03
6.599999999999999201e-01 -1.630152498675818240e+00 2.682774217213806586e-03 8.167226505311317997e-01 1.537174479949283967e-03
6.739999999999999325e-01 -1.619671942218743776e+00 2.630677712440942714e-03 8.098289469485655534e-01 1.652830882997609373e-03
6.879999999999999449e-01 -1.609993694600489800e+00 2.884697175388184747e-03 8.045657183455390271e-01 1.821078895748503212e-03
7.019999999999999574e-01 -1.599881388171978669e+00 2.740455230623473591e-03 7.989256953533537819e-01 1.801715057516277939e-03
7.159999999999998588e-01 -1.589612970565479122e+00 2.836392503995008134e-03 7.939892941524828718e-01 1.903827568978921133e-03
7.299999999999998712e-01 -1.582533679244027880e+00 2.921786330165061958e-03 7.909202878030773265e-01 1.906399807667867293e-03
7.439999999999998836e-01 -1.570072705999365770e+00 2.912179276928954143e-03 7.833388932964271412e-01 2.128066871335964391e-03
7.579999999999998961e-01 -1.558003965980191863e+00 2.911920984614362832e-03 7.779192395165682727e-01 2.151572183571047719e-03
7.719999999999999085e-01 -1.549623403972032021e+00 3.057309707215226293e-03 7.738987048009575709e-01 2.184159626665003930e-03
7.859999999999999210e-01 -1.536833364715125327e+00 3.167629007869119349e-03 7.673457124530775886e-01 2.261284623066289658e-03
7.999999999999999334e-01 -1.526998463219857660e+00 3.180333129516183400e-03 7.611860941319654739e-01 2.279521400627565475e-03
8.139999999999999458e-01 -1.515165850191656283e+00 3.225016469490787213e-03 7.548530785414131472e-01 2.341337563128035714e-03
8.279999999999999583e-01 -1.505203910902984887e+00 3.344709743010676820e-03 7.487591023148535418e-01 2.599247381483993109e-03
8.419999999999998597e-01 -1.492961976728091278e+00 3.339603448466651851e-03 7.417169800926352030e-01 2.678017590541012776e-03
8.559999999999998721e-01 -1.481724282617537192e+00 3.455208764068645570e-03 7.364468839959763535e-01 2.750099213836355947e-03
8.699999999999998845e-01 -1.468116117925484021e+00 3.658053362502916225e-03 7.273411933916242855e-01 3.138204430791300542e-03
8.839999999999998970e-01 -1.456757960383541661e+00 3.707319653766855041e-03 7.214062048197630306e-01 3.242919524678454252e-03
8.979999999999999094e-01 -1.440258652777679949e+00 4.097188518288935079e-03 7.103544363517517723e-01 3.870280124854496347e-03
9.119999999999999218e-01 -1.429440130894234162e+00 3.937422231676134324e-03 7.035672007841713427e-01 3.938608106578729909e-03
9.259999999999999343e-01 -1.415140310930424583e+00 4.214616978574865259e-03 6.947413549392774668e-01 4.343854450063804225e-03
9.399999999999998357e-01 -1.398649960592268426e+00 4.240989030154496651e-03 6.828923064024273737e-01 4.888583353935249329e-03
9.539999999999998481e-01 -1.381206310457334885e+00 4.219080287008142131e-03 6.691834122600005541e-01 5.473501670804727277e-03
9.679999999999998606e-01 -1.366472323188037352e+00 4.583823969183410500e-03 6.593852734464867860e-01 6.240046410670118532e-03
9.819999999999998730e-01 -1.352599310037817748e+00 4.836262443436238276e-03 6.495249274265483264e-01 7.016744775759049119e-03
9.959999999999998854e-01 -1.332137114909399234e+00 5.098764450041363971e-03 6.315317533410328421e-01 8.020052799016703232e-03
1.010000000000000009e+00 -1.318971516955073531e+00 5.296261200219838997e-03 6.206756301059235259e-01 8.877119034170183332e-03
1.024000000000000021e+00 -1.301675888590317909e+00 5.585160338185479224e-03 6.043502393684093699e-01 1.048539293269475613e-02
1.038000000000000034e+00 -1.279649825819584086e+00 5.674737105463277011e-03 5.844038463935540273e-01 1.209497361837443864e-02
1.052000000000000046e+00 -1.259997403132515625e+00 5.802353691656586716e-03 5.664833392867395512e-01 1.311002997093480178e-02
1.065999999999999837e+00 -1.242517393971559914e+00 5.817593625731871075e-03 5.479570162225925190e-01 1.445856971924757220e-02
1.079999999999999849e+00 -1.221462051609893740e+00 5.688783263118705850e-03 5.296862084775196822e-01 1.495573653023221129e-02
1.093999999999999861e+00 -1.197967307427094674e+00 6.088221627218624692e-03 5.005078633306868641e-01 1.717414793088687525e-02
1.108000000000000096e+00 -1.175456436415384553e+00 6.132052973859813787e-03 4.787427009481082796e-01 1.774754095154360348e-02
1.121999999999999886e+00 -1.156855852665800821e+00 5.811325688689966164e-03 4.582760334102097821e-01 1.774339261083689168e-02
1.135999999999999899e+00 -1.137342769238293361e+00 5.610691252438185055e-03 4.339130911047425765e-01 1.838172251269867830e-02
1.149999999999999911e+00 -1.119695632246559658e+00 5.611309483303414739e-03 4.170927102027974787e-01 1.811965140207439859e-02
1.163999999999999924e+00 -1.098556492486935543e+00 5.478559737974891299e-03 3.947528606017858266e-01 1.824641435444307805e-02
1.177999999999999936e+00 -1.077254541683639655e+00 5.185586279478427221e-03 3.746526147632410764e-01 1.706360575473884339e-02
1.191999999999999948e+00 -1.061916675604757998e+00 5.182421960781113945e-03 3.589437975323340191e-01 1.720594915331818964e-02
1.205999999999999961e+00 -1.040436090140656411e+00 4.934881817634124805e-03 3.377359976134376440e-01 1.615622328903890820e-02
1.219999999999999973e+00 -1.023402074821278429e+00 4.721288811312394570e-03 3.235177802362976807e-01 1.568420389832759013e-02
1.233999999999999986e+00 -1.008274678776688527e+00 4.567703791341451783e-03 3.085958470543833099e-01 1.457959929397703927e-02
1.247999999999999998e+00 -9.940524615670741637e-01 4.391183011034251529e-03 2.993918276749603091e-01 1.385412350416876347e-02
1.262000000000000011e+00 -9.809190541520805828e-01 4.324688779919629890e-03 2.867310754121956684e-01 1.294310488221181096e-02
1.276000000000000023e+00 -9.614647329702445955e-01 4.043417652866368277e-03 2.721357154282991742e-01 1.214259658562960240e-02
1.290000000000000036e+00 -9.467395386738689522e-01 3.860564139690172113e-03 2.628221284019247039e-01 1.129106364589308603e-02
1.304000000000000048e+00 -9.343086024954040392e-01 3.732778888270906446e-03 2.536041513179541629e-01 1.075468425411664659e-02
1.318000000000000060e+00 -9.213349917187095839e-01 3.686709257845241072e-03 2.446666703829018519e-01 1.027449169779863850e-02
1.331999999999999851e+00 -9.072931260337739889e-01 3.511299845870585658e-03 2.334746148327203064e-01 9.438533630314431544e-03
1.345999999999999863e+00 -8.955091023257156779e-01 3.348497169534143860e-03 2.272353165609624637e-01 8.933860462333664473e-03
1.359999999999999876e+00 -8.799959058123091316e-01 3.342214415217824135e-03 2.190523193691246429e-01 8.470512124875723831e-03
1.373999999999999888e+00 -8.722539150084474002e-01 3.277014569714972216e-03 2.151383519611163586e-01 8.044674174573732128e-03
1.387999999999999901e+00 -8.587802852009519539e-01 3.117984352226601478e-03 2.095070863114065485e-01 7.508644786495766166e-03
1.401999999999999913e+00 -8.466719226838371748e-01 3.101392416648031305e-03 2.029647519942386624e-01 7.353349258847794237e-03
1.415999999999999925e+00 -8.375418966770892260e-01 3.003353552724270271e-03 1.956159374947776808e-01 6.888375785270709969e-03
1.429999999999999938e+00 -8.259092010108817217e-01 2.921150889784201576e-03 1.932576975580968248e-01 6.286084124085627133e-03
1.443999999999999950e+00 -8.150377705954029439e-01 2.846298218344338413e-03 1.874224390128576834e-01 6.083430281487260498e-03
1.457999999999999963e+00 -8.063619299187261280e-01 2.835835222260542961e-03 1.836742413123349793e-01 5.849865358976311450e-03
1.471999999999999975e+00 -7.978729605481137410e-01 2.742598257091102484e-03 1.816522173977666299e-01 5.721442814367643827e-03
1.485999999999999988e+00 -7.853880867010294420e-01 2.687939693087569408e-03 1.771919724409695140e-01 5.363362493071192373e-03
1.500000000000000000e+00 -7.799050425633633488e-01 2.621918558063225831e-03 1.734992364410662957e-01 5.069635953284187986e-03
