-1.210006875492753542e+00 -9.911370783322486222e-01 -1.148231365292735173e+00 -1.747619833716200777e+00 -1.649308541111753623e+00 -1.553404107342299278e+00 -1.396989357929955267e+00 -1.514623250471792248e+00 -1.142987715165727058e+00 -1.113029668556652085e+00 -1.464656111318410447e+00 -9.289912513566417340e-01 -9.395176488602502429e-01 -1.091902052647636401e+00 -1.183956738986580159e+00 -1.144843073287379553e+00
-1.518922278700995054e+00 -1.205291652519942192e+00 -1.616470290138515287e+00 -1.577983266696289855e+00 -1.768359114788657260e+00 -1.590829460873430357e+00 -1.821862095188429009e+00 -1.073781915499966599e+00 -1.372948059455549208e+00 -9.221106558505296480e-01 -7.367158708762049368e-01 -8.093882376102662368e-01 -7.788346211814329845e-01 -1.113451133956252281e+00 -1.198662176161087167e+00 -7.748269269069513188e-01
-1.691707190705467934e+00 -1.505298442823188365e+00 -1.862816912286966220e+00 -2.055890967519108159e+00 -1.652335976403697115e+00 -1.960560309749841634e+00 -1.512662158844276128e+00 -8.181624959223965377e-01 -1.173908810574514128e+00 -5.734733969049563562e-01 -1.240715491732048203e+00 -1.075767307758583868e+00 -1.130396594013121314e+00 -1.545244139271798156e+00 -1.745425629121543754e+00 -1.225760517433727825e+00
-1.466435147599149058e+00 -1.269707245413918661e+00 -1.961245419121287581e+00 -1.583666885261732604e+00 -1.498669108075490142e+00 -1.852186556992720279e+00 -1.824834899950585232e+00 -1.511187191090810567e+00 -1.950564203511512495e+00 -1.008894647363191011e+00 -1.021324524344463081e+00 -1.384308187326414030e+00 -9.544307043158498649e-01 -1.102544225601503225e+00 -1.238142948153292844e+00 -1.312470344502818742e+00
-1.725554508489686834e+00 -1.506770540110205170e+00 -1.161923368138674695e+00 -1.230935368705778687e+00 -1.509480292142890034e+00 -1.746333272969229133e+00 -1.506648252511010755e+00 -1.283952868973104122e+00 -1.502381344353748815e+00 -1.749977178142985590e+00 -1.426204387366046822e+00 -1.160908859758887246e+00 -1.150234366899956839e+00 -1.823957512730855379e+00 -1.430445772953443662e+00 -1.381833354377862477e+00
-1.547052799777332899e+00 -1.206683312940710406e+00 -1.748674837618235722e+00 -1.817195389503790670e+00 -1.526040469510972386e+00 -1.595443825499535340e+00 -1.479157327816147838e+00 -1.391882424666994966e+00 -1.454527299226821668e+00 -1.694143434239964829e+00 -1.449305471901060516e+00 -1.254596318617633877e+00 -6.617589984857777941e-01 -1.140330386350060232e+00 -1.258421643443541127e+00 -1.618430911079498991e+00
-1.324715745333418404e+00 -1.482418858218500057e+00 -1.680187335333638066e+00 -1.791655154453162035e+00 -1.842731541786096328e+00 -1.526020480506624644e+00 -1.726307893450952369e+00 -1.462736259203964551e+00 -1.187781432248775193e+00 -1.695439105238331301e+00 -1.481833736698196846e+00 -1.028511663361080908e+00 -5.979651417066244035e-01 -1.011552271306825235e+00 -8.489893146229816612e-01 -1.862634032268415174e+00
-1.956573261978219458e+00 -1.212430215228424535e+00 -1.543769701412625928e+00 -1.257001542736421396e+00 -1.891519874543250657e+00 -1.835140015189997698e+00 -1.403176980140742991e+00 -1.580946591895701303e+00 -1.227393149892826552e+00 -1.175543380409388883e+00 -1.245274736067643717e+00 -1.174471437370087523e+00 -7.538567801783142563e-01 -9.545226569381660697e-01 -1.189908239289611203e+00 -1.403245026642967241e+00
-1.553569708061104171e+00 -1.720911131156313223e+00 -1.420939730505849985e+00 -1.673285823379871973e+00 -1.666477103060940879e+00 -2.185471893938029542e+00 -1.660705541077450720e+00 -1.687033467979058399e+00 -1.456045943299117296e+00 -1.201218557317353497e+00 -1.310855695378861041e+00 -1.295576471428031562e+00 -1.301453268999242630e+00 -1.175885565964180479e+00 -7.258340641626387368e-01 -1.655734698281420281e+00
-1.104876947395290410e+00 -1.245005333497162026e+00 -1.324064652465169578e+00 -1.562723013387281368e+00 -1.290905109961405728e+00 -1.512526446057208984e+00 -2.043479230268382629e+00 -1.754159716993512141e+00 -1.357510034874919835e+00 -1.031371797484849528e+00 -1.055033222641511115e+00 -9.120593668457037673e-01 -1.234685933789625212e+00 -1.193738958077910306e+00 -5.424896111760862949e-01 -1.646745364433102710e+00
-1.634881648550803535e+00 -1.168040191076213263e+00 -2.036490682205800873e+00 -1.490469414388523761e+00 -1.360593480410856371e+00 -6.475527481136477137e-01 -1.537094082133639406e+00 -1.793919455630549109e+00 -1.247960492164509549e+00 -8.405388001975905299e-01 -8.907907044460633417e-01 -1.258502734874592965e+00 -1.012247797362861190e+00 -1.550882439701702031e+00 -1.377900054258610174e+00 -1.756870146560955304e+00
-2.114612277296203935e+00 -1.851530943029378706e+00 -1.605482644082831145e+00 -1.700331208526770110e+00 -1.537070440247763514e+00 -1.230324906073477109e+00 -1.593508421298672983e+00 -1.721405994759402480e+00 -1.091530387932049928e+00 -9.799136274741717667e-01 -1.216401087810735193e+00 -1.117110961981265804e+00 -1.559029104808280719e+00 -1.199576444846494505e+00 -1.774122342428861909e+00 -1.669045632081043395e+00
-1.943438292269147771e+00 -1.934723299280386444e+00 -2.022125954498275924e+00 -1.723045885303531088e+00 -7.790782993561458092e-01 -6.668398757462107307e-01 -9.986585281405001568e-01 -1.334116524134466797e+00 -1.184351956990723265e+00 -7.827368517670435510e-01 -1.186963048811987109e+00 -1.200100031287982816e+00 -1.237414398240502367e+00 -1.429441659754868921e+00 -2.418679165738932380e+00 -1.786089984470179415e+00
-1.736682345537084338e+00 -1.934735858798593666e+00 -1.425837187757094338e+00 -1.240436249234098343e+00 -1.301809419335271167e+00 -1.214003578522582449e+00 -8.061709563978587401e-01 -8.586745569146337909e-01 -9.299056989198161149e-01 -5.188072514646743238e-01 -8.676052816183231764e-01 -1.405866736889302304e+00 -1.123894096250571017e+00 -1.303023893734854166e+00 -1.966493948044511386e+00 -1.789433209903376065e+00
-1.686384481057989326e+00 -1.694218481507711926e+00 -1.246831583327855153e+00 -8.413570663537690564e-01 -9.509849880061271854e-01 -1.089831535598003942e+00 -9.179028120349271846e-01 -1.584845241688528583e+00 -1.215463551211286353e+00 -1.146095437720996868e+00 -9.374696228678613963e-01 -8.526767874152103577e-01 -1.074381939623460624e+00 -1.103769106451001125e+00 -1.482182948892777574e+00 -1.887975425081550584e+00
-1.558411302074471427e+00 -1.403252804346659888e+00 -1.434814023955233608e+00 -1.593678016463258018e+00 -1.396501819066336747e+00 -9.179253592744178736e-01 -1.119526557347218398e+00 -1.335798600502519085e+00 -1.109230999833819231e+00 -1.030468902288039335e+00 -9.183550489214264978e-01 -1.229048607384868541e+00 -7.748422985278645703e-01 -1.164946944558702402e+00 -1.339079336171594692e+00 -1.335445585203047125e+00
