1.905391807654014877e-02 5.643684020618408015e-01 -1.787809844672865189e+00 -1.014323403034440352e+00 -1.193080049138835586e+00 -1.793222139696340367e+00 -1.932202764322073774e-01 7.921520371000388971e-01 5.004386926142677661e-01 6.290407951681166177e-01 -4.963015891335994523e-01 2.580422724400616152e-02 6.368701904507073630e-01 -6.321667281052549825e-01 -1.486266602860563335e+00 4.424900085789931770e-02
6.845178129910212128e-02 -2.534204868640993480e-01 6.129813877686194346e-01 -1.696622273560922656e-01 1.424214558707054268e-01 -8.405923932911053553e-01 1.139116525338388641e-01 -3.032791088511208044e-01 4.217710112056066163e-01 2.695247523487937613e+00 -2.255687917275497778e+00 8.745049047336079795e-01 2.743019486957254394e+00 1.016818172636897222e+00 -3.183800481250989023e-01 -5.572685394580995100e-01
-4.878730642285027952e-01 4.416946497952576878e-01 -3.006366168175538256e-01 -1.951192204547679721e+00 4.182395127240017829e-01 8.229856545398224199e-01 -6.299620330432804671e-01 -1.241236472270843549e+00 -6.818796884733455133e-02 4.915005745945696392e-01 2.443820825865427260e+00 2.079745113155643033e+00 1.123487276062020923e+00 1.244940922398887873e+00 4.587803187855329368e-01 -6.108965450577117373e-01
-1.322109949422951569e+00 -4.929541055666621374e-01 -1.887658580269093944e+00 2.068381829553737894e-01 4.294069340678806079e-01 4.803468315874316330e-01 4.432177763674877702e-01 -6.902929575388339067e-01 -2.686007997857962071e-01 -1.880936117206961911e-01 9.794775785003478896e-01 1.387659241218342832e+00 4.988680568753825484e-01 6.955521017671075779e-01 1.063213104974537027e+00 -2.465870974208117516e+00
2.933532002277359663e+00 -2.835792238728772396e+00 -1.652865785363710982e+00 4.501465491436347777e-01 1.449026645417882397e-01 1.222041255208929034e+00 7.520788850846882312e-01 -8.118326729724786306e-01 -1.809427668937876876e-01 -6.362045901139138371e-01 1.239819795943830183e+00 5.374664903604592370e-01 -9.400000981718058535e-01 -9.825170837047501049e-01 1.773037795316291243e+00 1.938437695864299926e+00
1.345232301567851341e+00 6.155040773864792758e-01 -5.511278831958096314e-01 4.726188618800265528e-01 -2.003413291055186618e-01 1.798915690631019082e+00 2.160988393622479187e+00 3.376379827297003311e-02 -1.572213336505675907e-01 -2.951664272732104632e-01 1.302680255547018495e+00 1.371540800940294513e+00 1.804954626014520391e+00 2.111119369364613085e+00 1.732089533065211073e+00 2.836154453500922656e+00
4.742749640695592128e-01 1.116517505725060644e-01 -6.891686619833113925e-01 7.517708731693975022e-01 1.052769731080810178e+00 1.095464313684911595e+00 3.284576782604645695e-01 7.886810923780923632e-01 1.492705163921828615e-01 -1.230075595222778206e+00 2.349787611884065208e-01 -7.716164037679080767e-01 2.279805790640284879e+00 1.716943890045413701e+00 1.434427225375328963e+00 1.100042751214081793e+00
1.544993131631834160e+00 -4.732489143936082776e-01 -1.091091773332461268e-01 3.258761581805113411e-02 2.852845718645364403e+00 1.454423685194661031e+00 9.532978151175579284e-02 -4.617395954857041462e-01 1.355741845128420053e-01 -1.179824313255439794e-01 9.867289829879363205e-01 2.258148870873467384e+00 5.304373870680084702e-01 2.356609165052873101e-01 1.295278188953622234e+00 1.018256373210481680e+00
1.958838169701865528e+00 -3.152467458360838637e-01 -1.651038069007100040e+00 -2.659460653896604243e-01 1.758123147669724995e+00 1.066178209983345004e+00 -1.118235496592788897e-01 -2.632819730916630685e-01 1.079232363429010189e+00 8.485790328956948070e-01 1.208033903879679904e+00 5.209366317600466756e-01 4.551738441935535701e-02 4.279517827974022026e-01 6.695429652227221640e-01 3.310768440259059253e-01
4.093148885769098966e-02 -2.974136522972185226e+00 -2.184897122999958974e+00 1.450756906920647460e-01 -2.812953578481806605e-01 -6.373631241512525136e-01 -2.098046717416912343e-01 7.114607239575502229e-01 2.924443833420028449e-01 1.306625067866133305e+00 1.154359385377010216e+00 -6.028426598438755279e-01 2.431541019074119903e-01 1.918964147132519171e+00 2.897445306959894329e-01 1.126700959082954423e+00
1.226212571992323142e+00 -3.111219975787815617e+00 -6.445915134958581927e-01 -6.939332950970370506e-01 -1.580644095706610353e+00 -1.933758961037665536e+00 -1.107450061266210595e+00 8.592061615457297075e-02 9.084241511974318062e-01 1.523188088128731632e+00 1.133929653634552670e+00 2.486166005424688130e+00 7.555257362186582615e-01 2.626968217053992638e-01 2.097428452957139644e+00 1.406591746904406692e+00
5.047464655396703970e-01 -8.083786330902147377e-01 -6.635605135205895344e-01 -6.168626705935339460e-01 -1.114242876796308401e+00 -7.119624967748279243e-01 4.936472616671987446e-01 9.313077020533071515e-01 1.235825730562077007e+00 1.258513187100831487e+00 8.555616777722057087e-01 1.668593878947937537e+00 1.569137461797125654e+00 2.279417368693619217e+00 1.948232489705844062e+00 -2.655400726152657570e-02
1.467921019906265778e+00 -5.952900049848204311e-01 -9.249287344323531279e-01 -1.096189921338353690e+00 -1.051494213000762512e+00 -4.797596317068426042e-01 6.047480607034781963e-01 1.331579670115473624e+00 -1.514501353510141202e-01 1.827599061898853572e+00 1.183678971276132419e+00 1.324364355959174899e+00 1.470385522210783114e+00 1.031709813070398329e+00 2.616248838835913748e+00 2.684018589457328741e+00
2.269801611528608820e+00 -6.782843418832351645e-01 -4.464524422270190751e-01 3.864234970261458124e-01 1.333766539162235809e-01 -2.981868292483597777e-02 1.943562484574368421e+00 1.475338347596505395e+00 -2.737629759682818076e+00 9.548612672999933215e-01 1.126648646262506270e+00 4.807085980424733451e-01 8.711150983610685961e-01 1.199200819265442863e+00 2.451916400907461213e+00 2.418407466587080279e+00
1.139698221742996509e+00 9.759392421275150387e-01 1.049399533241721194e+00 2.165056515612415300e+00 -1.445803533314773626e+00 -1.248881693884015265e+00 6.233465957077323205e-01 2.110846208385433798e+00 1.280975628150804235e+00 6.691268572468528353e-01 5.508122421158009319e-01 5.124767407679803322e-01 -9.638683130687829281e-02 2.644693937109061088e-01 2.357663616910659510e+00 1.839522455557936143e+00
7.777970806622452882e-01 7.741731723146243471e-01 1.171758471044224370e+00 1.579650553939235536e-01 -3.587474744002509541e-01 -1.011983361587924790e+00 -5.439236243015772576e-01 -2.207918203053243489e-01 -1.542695652043785670e-01 7.767690947045784444e-01 1.291109619059902069e+00 1.122791659500355976e+00 9.266678523366975728e-01 1.622385729658464726e+00 2.062937166445694359e+00 1.171755110650738008e+00
