-7.130516483512230330e-01 6.895447797146407598e-02 -3.144818056468254297e-01 -3.065531736360166404e-01 4.209412686301562956e-01 6.768109536021402750e-01 1.134201967291023960e+00 1.638075078950957275e+00 -1.789805739262289586e-01 1.328130348753598033e+00 1.220479556775400543e+00 5.502941202643191199e-01 2.143860026096817695e+00 -2.817789794921438329e+00 -2.785796325312460464e+00 3.401205159697223701e-01
-1.665952880894253215e-03 -1.863934647480093854e-01 -9.268430806108810538e-01 -6.853136098602697901e-01 -9.074328521311221529e-02 2.341289252940047749e+00 8.037391101526200066e-01 3.709052651133634138e-01 -4.019900593758538587e-01 1.335929247769018335e+00 1.865821229905976653e+00 4.432932835915946446e-01 9.129723519292598510e-01 -2.128893451502844147e+00 -2.863415135600500872e+00 -1.239711194792331161e+00
-3.214187717261677846e-01 2.631393549046340263e-01 -2.592664509225436897e-01 -4.955893851729127886e-01 -5.723099073020239125e-01 1.111285104763728215e+00 2.232650593431170449e+00 1.700299114013183566e+00 7.109577387999694853e-01 -3.140376780935663081e-01 1.721035225974446803e+00 -2.735192204989484455e-01 3.007322713188413488e+00 2.739582951962003854e+00 3.114776658949341748e+00 2.428492619288632692e+00
-2.333567733415924383e-01 -6.317339572641219592e-01 2.235349477535752527e+00 9.394463169042318595e-01 1.044657101833910140e+00 2.328533756349710160e+00 1.755535041203434066e+00 4.296667505704501733e-01 2.150517578044086053e-01 1.960374176121732759e-01 1.575939782687495017e+00 2.791941947560416803e+00 3.088869551732589702e+00 2.419067457541891120e+00 -2.816207150275849003e+00 1.519563494653386471e-01
1.043616264218932388e+00 1.953188388702252754e+00 2.713695651535516173e+00 -1.251065401608194128e+00 1.707594145920289685e+00 1.583685512735022227e+00 1.587400469666131242e+00 2.114412977953167516e+00 8.824884285600231859e-01 1.562415751785532603e+00 1.117356324402621226e+00 2.282120547759703300e+00 2.674238718280275595e+00 1.386819460558915695e+00 -2.679108739995910593e+00 -1.925463074907187919e-02
-3.129797937876937497e-01 1.966230967430921128e-01 8.938650055052707044e-01 5.135746142016436311e-01 9.950016105652116361e-01 1.531338135338469630e+00 2.797928907960823608e+00 1.984605560859519890e+00 2.592296891084942434e+00 -2.524931813907457911e+00 -1.150732679858756047e+00 -2.763885118625072135e+00 -3.001064795161066279e+00 2.690103067621699928e+00 5.874444072539862782e-01 -2.809612113127255562e-01
-7.684634755159761021e-02 1.850794893831168020e-01 9.809611166617484557e-01 5.780726030831141449e-01 7.196061291288086137e-01 9.003406387333624528e-01 2.132975185878695168e+00 2.817300485434272694e+00 -1.175405300595704805e+00 -2.298016253216096649e-01 6.042991707158602566e-01 -2.453050956430410601e+00 -1.538198767170110282e+00 -1.217428325052485771e+00 -3.049316983387056812e+00 -6.492768836008460109e-01
3.496143378340073604e-01 -4.720732457324158804e-02 3.851734446174075455e-01 1.160395828773878257e+00 1.007844352087888584e+00 2.055277931749557752e+00 1.821780248075724140e+00 5.720018448242214504e-01 -1.262541876183054024e+00 -3.964389398254151708e-01 4.398009333561430645e-01 -1.498180507482425705e+00 -2.411530141109176295e+00 -2.578056028299970937e+00 -1.421194501426163104e+00 -2.466180096880236761e+00
-3.141578493936759031e+00 -2.685843495070092679e+00 -1.551523939845853350e+00 6.691797892979791662e-01 1.761069062439953647e+00 1.260903726856683393e+00 1.744743957229111908e+00 -1.292660232101342510e+00 -1.984212946368142827e+00 -2.649434841021748088e+00 2.938309805154859511e+00 -1.069904393715708668e+00 -2.472225067588957437e+00 -8.737983652876223362e-01 -1.528756372229971294e+00 -1.919239437212370225e+00
-2.689495416686206841e+00 2.100889829825913324e+00 -1.092925418523387870e+00 -3.680249701985661148e-01 -3.618680227510140957e-01 -2.538307528087590387e-02 7.879569096484790869e-01 -3.667537944800701166e-01 -7.725032956941635387e-01 -1.660252792737840100e+00 2.870742786253890788e+00 -3.087682843169625713e+00 -1.870586279780445560e+00 -2.878373750902021744e+00 -1.970138526013712532e+00 -2.548906990695197106e+00
2.733363625596040514e+00 -1.395366159124187044e+00 -3.252455146463651414e-01 2.157632184384911112e-02 -4.351653518692613631e-01 1.487697720428899639e-01 1.266689006293427067e+00 -5.283412480134619393e-01 -3.877698464362659969e-01 -2.477127082402074798e+00 2.738432053946860734e+00 -2.853269591952593220e+00 -2.540003307129073296e+00 -2.966097771009866602e+00 -2.535651995740006548e+00 -1.320017396488636363e+00
2.975941980943011433e+00 -2.102863923938710133e+00 2.782371195080701298e+00 -1.603751442043364284e+00 7.105998800699500073e-01 9.336742361193696160e-01 2.767028130387855001e+00 9.868437941340651998e-01 -2.168763352657820498e+00 -2.545429958523244274e+00 2.626207666559458254e+00 2.711364870892429835e+00 2.812586604732179918e+00 -2.097874679699944789e+00 -2.802678111128411587e+00 -1.503996256205654358e+00
7.526298165907451265e-01 2.259781400186290146e+00 1.951402239212690626e+00 -2.975958919520883761e+00 5.076186984900523669e-01 1.946076594891738454e+00 1.143421081702081787e+00 1.391292531731573634e+00 1.999040651835365168e+00 2.066424176445820216e+00 2.774061121834359156e+00 2.342202557484531322e+00 3.141289515878044725e+00 2.919274962340699275e+00 1.156593935574913079e+00 1.304155048327672040e+00
7.594677393053570480e-01 1.500946646657962402e+00 -2.610305597324275251e+00 3.061485095403261081e+00 -2.536069924411527565e-01 8.514118024359149661e-01 2.003316681105693497e+00 1.049968459171539026e+00 1.107549610431595166e+00 7.032348605533973451e-01 1.171672697951139597e+00 2.027254600472813362e+00 -1.568136718950446262e+00 -1.017666716832084761e+00 1.887801350749478857e+00 1.184420550821086326e+00
8.006473223037258169e-01 1.581620079814937796e+00 -9.800608882778997222e-01 -6.482439448668352311e-01 6.687489642916190358e-02 1.130171719532363062e+00 4.861329226970658168e-01 1.026252047509819576e+00 4.813884706149505477e-01 5.620733733863639836e-01 2.358043844634458708e+00 -2.610328871424511643e+00 1.610103209090743004e+00 -1.165542529135476180e+00 1.393783742532074488e+00 5.527245199898312977e-01
-1.373294975077075764e+00 -1.560166968659142617e+00 -7.076446756657066572e-01 2.845436388014990770e-01 -2.155455719046518726e-01 5.851132891043829831e-01 1.134767626330934309e+00 1.425304507147685751e+00 -5.331073126295367004e-01 9.934549833204661118e-01 1.737250260577428707e+00 1.082139379626745779e+00 2.438880112762733088e+00 -2.976355310178546709e+00 2.067946467474292671e+00 4.845055638676085130e-01
