-2.954346228411659059e+00 2.779884156882936441e+00 3.120095029551763766e+00 -2.646007146743742489e+00 -3.057697481001532935e+00 3.033653515159744352e+00 2.498307607329622648e+00 2.992759782219758691e+00 -2.294851416098500074e+00 -2.499622732668814962e+00 -2.395334572329455458e+00 -2.530513098307899167e+00 -2.002298907599843858e+00 2.874734761338797462e+00 2.808675801436557151e+00 -2.995259475173201125e+00
-2.763835185036277231e+00 -2.789449356402458502e+00 -2.789012640203368143e+00 -2.705597883284518002e+00 3.119935201820318582e+00 2.172615900857106208e+00 1.788780203021585802e+00 2.949427684472575528e+00 -3.092287703250915953e+00 2.936582083499725826e+00 -2.390273254103545408e+00 -2.379007219591083633e+00 2.900975636727921803e+00 -2.949287041192578673e+00 -2.722118877744212462e+00 -2.393322939118154302e+00
-2.435905885317267927e+00 -2.740071534651717933e+00 -2.286351519739581839e+00 -2.637908627795796601e+00 -2.574038967478375906e+00 -2.558305870675795290e+00 -3.036745473456255784e+00 3.112231647178266059e+00 -2.828442655192509925e+00 -3.003082977579603963e+00 -2.957073959852588807e+00 -2.573781000398393193e+00 2.940428419511318392e+00 3.095167874803458119e+00 -3.092754829225191404e+00 -3.056619853800170983e+00
-2.737660218322326866e+00 -2.044367130133188937e+00 -1.772782693059342662e+00 -2.265454361924533977e+00 -2.661892631480611726e+00 2.694757268742050016e+00 2.589157266671032076e+00 2.994861332593566683e+00 -2.274344773728433022e+00 -1.473027012209151332e+00 -1.868260885234216184e+00 -1.894943697828937346e+00 -1.962040133046371926e+00 -2.236034620492232783e+00 -3.107632473925164618e+00 -2.762202383618862722e+00
-2.667145953806858927e+00 -2.615842309503761509e+00 -2.067101221640135655e+00 -2.501114260104236209e+00 -2.929869242162447485e+00 -2.579464785439027352e+00 -2.804400354807651929e+00 -2.503429787515671023e+00 -2.720723492873906135e+00 -2.623993167063515486e+00 -2.752835194563671539e+00 -1.312593973590159058e+00 -2.375133815994360909e+00 -3.026752705420772571e+00 -2.060772440408547901e+00 -3.139015553590926988e+00
3.107956577102769291e+00 -2.114466081482491600e+00 -2.335448453956144199e+00 -2.493608998341240834e+00 -2.593546110639778579e+00 -2.646729145063611899e+00 -2.120586898594814862e+00 -2.590221050191172214e+00 -2.253769710075289812e+00 -2.280955313174564569e+00 -2.153268792083130379e+00 -1.636483300134849328e+00 -1.675575462837904928e+00 -1.235022622748342735e+00 -2.336037246123506161e+00 -2.395489327368498955e+00
-2.846787587255507290e+00 -2.276361521568211810e+00 -2.188739290643279656e+00 -1.902710272683934223e+00 -1.610972209003548539e+00 -1.146136704236384363e+00 -1.436280160884820578e+00 -2.298659165884594291e+00 -2.229472759011287053e+00 -1.980724264617145902e+00 -2.461501171783629704e+00 -1.189700600027257416e+00 -6.107839144252412700e-01 -1.961688920687203019e+00 -2.439320731765376227e+00 -2.874328538767636498e+00
-2.517950751876075532e+00 -2.134258449540737068e+00 -2.021920802146270013e+00 -1.644574955157281249e+00 -1.607413884033200180e+00 -1.483090538123722490e+00 -1.604244731518277511e+00 -1.847206853048644515e+00 -1.894272081645104633e+00 -1.896670362249410546e+00 -2.467339800177513531e+00 -1.684035866272851401e+00 -1.615101986564956738e+00 -2.530810015686924430e+00 -1.838717389506500544e+00 -2.756689612300757819e+00
-3.075938102095269855e+00 -2.313662961327205725e+00 -1.928191155441318250e+00 -2.420885729598618585e+00 -1.500050344877329911e+00 -2.669687889223147259e+00 -1.464012439048473446e+00 -2.871168015926624406e+00 -1.659853030679539154e+00 -1.805450443501197544e+00 -1.621840226499299931e+00 -1.968226008195949284e+00 -2.405668396377632412e+00 -2.739864686052002618e+00 -2.520255203361543739e+00 -2.976600880810911232e+00
-2.213236029079976408e+00 -2.914854236555881606e+00 3.131968249198629817e+00 -2.828844961447805062e+00 -2.934491153544152464e+00 -2.471396886198613529e+00 -2.672625434076054685e+00 -2.482374720646100652e+00 -2.267881721002909412e+00 -2.197578237821673497e+00 -2.189759219947096103e+00 -1.481984189214018643e+00 -1.659533845699419086e+00 -2.378050189850341223e+00 -1.739694971334743157e+00 -2.626719279898808157e+00
-2.337426165001943890e+00 -2.575985648558046570e+00 3.063597654973252205e+00 -2.524644878984839469e+00 -2.870985350729474472e+00 -2.539476915036047444e+00 2.995223197036318119e+00 -2.494868084760466953e+00 -2.836223024407202864e+00 -2.176185865023890997e+00 -2.510799802491562094e+00 -1.693285106303182630e+00 -1.652866975443636699e+00 -2.360864901307177188e+00 -2.638306364198808485e+00 -1.843003342927395316e+00
-2.776941247855134964e+00 2.922389207055990479e+00 -2.882664335566201608e+00 2.618423601041734106e+00 -2.253471712361236889e+00 -2.838087614780729240e+00 2.651221635443945956e+00 -2.769908549799639630e+00 -2.623015393875534063e+00 -1.315157362809298736e+00 -2.259689121391657451e+00 -2.247732560596993778e+00 -2.157832736079183356e+00 -3.061183303079221929e+00 -2.506143930988975477e+00 -2.054339577550650109e+00
2.767556141075088849e+00 -2.912424954130458321e+00 -2.607647688695533539e+00 -2.957585114481653843e+00 2.925569946366105789e+00 -2.309726233658381922e+00 -2.567873128136036964e+00 3.007393611244143727e+00 -2.555010503575045444e+00 -1.618128807864253726e+00 -1.853501129133723113e+00 -2.410749976152593010e+00 -2.854290110563721505e+00 -3.099782201470020482e+00 -2.684704454342409452e+00 -2.953249874557839050e+00
2.644629872468811982e+00 -2.769667500413433014e+00 -2.885003451040261346e+00 -2.770131007748624974e+00 2.946154412351310814e+00 3.043533862703565074e+00 -2.881037488163141980e+00 3.022125839176811102e+00 -2.288649589368327852e+00 -2.050457327970350185e+00 -2.239125600917566850e+00 -2.565364461272362728e+00 -1.829073018194055544e+00 -2.652335729531285047e+00 -2.635129956352273872e+00 -1.518796103417703103e+00
-2.584871455705887833e+00 -1.746940357887436068e+00 3.012831038581366361e+00 -2.503801358571701829e+00 2.929105310733020051e+00 -2.334311452885893257e+00 -2.928215375286348454e+00 -3.015703838863597053e+00 -1.718290637332281712e+00 -2.816388088989271843e+00 -2.102683872819725686e+00 3.135361805910564570e+00 -2.648503484021740739e+00 -2.207188135045110577e+00 -2.698863907780084670e+00 -2.057382865100429115e+00
-1.774338843813679567e+00 3.102537379595428746e+00 3.000324772768544701e+00 -2.395530549767175277e+00 -2.589091971050823560e+00 -2.163945105009618342e+00 3.098089005982481048e+00 3.139069603365539862e+00 -1.885150279054153000e+00 -1.791672667932087570e+00 -1.449716145365400166e+00 -1.746199342760558659e+00 -1.694746059113939829e+00 -2.715589397041109798e+00 -2.463948731592085828e+00 -2.470316473416768854e+00
