-7.321150608399873416e-02 -7.736205361946490999e-02 -1.127530777484558044e-01 -1.413972445810808276e-01 -5.991766799413345002e-01 -1.388355448389048952e-01 -2.182659270409661456e-01 -1.640258591748242900e-01 5.223506599892308033e-01 -1.984206934147230983e-01 5.844825735500605024e-01 -1.017010767195425797e-01 -1.030791856516355270e-01 4.086279096400506905e-01 8.834571895055215451e-01 3.659927356275903820e-01
-2.849241792239315396e-01 -2.683775522466790298e-01 1.546569510021849891e-01 -7.144064805754432590e-02 -7.555693077392716672e-02 -2.316268130114780832e-01 -4.140343212495157799e-01 4.665896713914718941e-01 4.739069184103775201e-01 4.154534798121611860e-01 5.872566745553250422e-01 -4.241360499198408296e-01 -5.239008433766355610e-01 5.427522680094593044e-01 1.878028447273334400e-01 -4.673047375411743670e-02
-5.087619225179352833e-01 -1.584544222242618705e-01 5.346421957194855690e-01 -1.041736855209428048e-01 -1.127684637707693088e-01 -3.364383349161965686e-01 -5.400086441015179428e-01 -2.688479371525019212e-03 -9.524036416651429082e-01 1.170522460228440483e-02 3.424454897035722478e-01 -1.127444222463176576e-01 -9.758620815219881672e-02 2.960745315615288531e-01 7.276817141573019843e-01 -2.028162160799401592e-01
2.922218706327380788e-01 7.312769507800586100e-01 7.438787388759450225e-01 -3.343553541335844703e-01 -9.622605292941621702e-01 -5.332179627350368545e-01 -5.451072547834001636e-01 -8.651599469305187862e-02 -1.016336364111520174e+00 4.576408347251625375e-01 3.205273949657367338e-01 1.280560354366620801e-01 3.405643597470979778e-01 4.737292980504222983e-01 2.862495737334968399e-02 -5.564684270425913626e-01
3.321531272781669958e-02 3.717235861506105188e-01 5.114563397152027679e-01 -6.067014543446749321e-03 -5.856502621183846680e-01 -3.630709374707021819e-01 -3.390326225532680482e-01 4.055507019613635022e-01 1.220679267350754937e+00 2.915517981244572510e-01 4.956061176839039462e-01 -5.854286415955451961e-01 -3.007415152788244783e-01 -4.960461055132305841e-01 -3.089357159055026725e-01 -1.146641022657247877e+00
4.698352763063963211e-01 2.755421583888391091e-01 2.437462555758432292e-01 -7.198349508465899660e-02 -1.372009859971500823e-01 -1.044241276092705339e+00 2.696931620861426904e-01 1.485151650073414653e-01 1.006257140148831830e+00 -1.507113246061947687e-01 -1.530160558921998815e-01 -2.496611964207809953e-01 -1.011245473088129510e+00 -1.147777274057338426e+00 -1.690243975159542444e-01 3.571194220134141228e-02
7.818537737454428482e-02 7.366905675632773320e-02 6.622893226725122817e-01 1.163547363340253771e+00 1.103129119113592793e+00 1.097392851349963783e+00 4.525278671088940330e-01 -3.297771571118328637e-01 7.350177989143010793e-01 6.004654528951075543e-01 2.855029482761607951e-01 6.957151588478064363e-01 -1.026256465233821080e+00 -8.978044042269603953e-01 7.253716492233724944e-02 2.650467343531139330e-01
6.183355706585907940e-01 5.733288388770416688e-01 4.997518292953778141e-01 8.464067787464166770e-01 5.727528723850410231e-01 5.808903771755600243e-01 6.189899137584272681e-01 4.341898289267854816e-01 8.455635557286999004e-01 4.894931964764435706e-01 2.013812073133967040e-01 5.838489860848127266e-01 -1.229636130437056774e-01 -8.925143723142344721e-01 -7.616175654002128592e-01 -5.149822999163278237e-01
8.453248304365225396e-02 1.085358304755632552e+00 -6.963737536864569866e-02 1.603783488116546030e+00 7.645375724637373249e-01 5.405504988312961334e-01 -2.132809064476866578e-01 -3.408587765360657218e-01 4.590027352323947096e-01 7.080641987515133851e-01 -2.421330456717217527e-01 -1.634611819825851631e-01 -3.041177586197834071e-01 -5.845161479539070504e-01 -5.346729817447075650e-01 7.197612041860214083e-01
5.045255401355822622e-01 8.776458015207491137e-01 1.008955090000060562e+00 1.047454346724468799e+00 6.068437968239633884e-01 8.864587794806483290e-02 -8.439716852709332473e-01 -8.132442416880626412e-01 1.563328072662766022e-01 5.385008047391359742e-01 6.606134013935532900e-01 7.316845692748926711e-01 -7.518650408035305877e-02 1.403171562003610873e-01 4.722459871614574922e-01 7.391707652499263093e-01
2.583818452598675708e-01 -5.577574314324849208e-02 5.220895470014964568e-01 5.834374002670977832e-01 1.648810530882135694e+00 1.160681840863822423e+00 9.160561912945208718e-01 4.287449672781283860e-01 1.053207692260305972e+00 2.032094543772687278e-01 5.890659454114874904e-01 1.689821372400983179e+00 9.182615383124811403e-01 2.609099789401925773e-01 8.880837572511325329e-01 3.724267255361902174e-01
2.036013104142009866e-01 4.290712844132791304e-01 -4.349019275831356168e-01 4.221813430935889011e-01 9.789530676381169583e-01 2.630788699674181941e-01 6.737345731594938936e-02 9.821901239189176902e-01 3.475518668389279697e-01 8.941732209843623602e-01 -1.190597396531151431e-01 -6.921700256230522985e-01 1.329532468712604221e-01 6.202976726186021361e-01 5.750041277765723796e-02 3.207648127899055956e-01
2.088850968449267043e-01 3.368086311980319492e-01 -4.537839516351072078e-01 -3.611951584275951421e-01 1.125237167060473137e-01 5.292132392465399571e-01 8.511639832554108720e-01 1.290846787950551411e+00 8.768756417866896413e-01 6.048642911141692835e-01 6.272761800439616842e-01 -7.203427159708691851e-01 -3.727360664238106303e-01 7.372445582333037040e-01 1.350425686361359068e+00 2.789352365799349087e-01
-4.779374600268503914e-01 -1.959860036334584166e-01 2.083878019245004320e-01 -8.245442788578405402e-01 1.747439436180578953e-01 1.231502952878152257e+00 7.821789345937372184e-01 5.958783844086431442e-02 7.806442024645676714e-01 1.467082270146481127e-01 6.019001426696306278e-02 -1.053697268480310756e+00 -2.898016287825815884e-01 -1.565569979230469755e-01 -5.498392245016155977e-01 -6.834494602428974330e-01
-7.013796157660733277e-01 -4.681719244550883730e-01 5.009827722495817648e-01 8.441873665955449413e-01 4.563187575305474586e-01 8.189868210443572716e-01 5.532824917891627781e-01 7.534492511079673438e-01 4.181341282065214049e-01 -3.555630503540685439e-01 -4.497049823657042755e-01 -3.252892233299289892e-01 4.408180758849421510e-01 -4.426944735229933481e-01 -8.350487154495788156e-01 -1.035508247760588807e+00
-4.372605867931910612e-02 4.121328869529841676e-01 6.294159361318829582e-01 5.061829789745583286e-01 3.720463299055843387e-01 -1.620517099995778809e-01 3.361359931615558461e-01 -1.309689599646160774e-01 8.017769840728002917e-01 5.023851762050937086e-01 2.531661095775623038e-01 -1.812156062150714342e-01 -3.073796692616099779e-01 -2.659931791560665726e-01 -2.468771760448846830e-01 -1.157064323833790764e+00
