1.935621372391806760e+00 -2.312008745445571556e+00 -1.281191892398084287e+00 2.400871698111844310e+00 -2.623893512409213979e+00 -2.724742629118281023e+00 2.488068046296383784e+00 2.219505414656980591e+00 -2.772577742052781069e+00 2.274430714671347609e+00 -2.998437917331517433e+00 3.120312770969188243e+00 2.769420927341156080e+00 2.585860742894226849e+00 2.576904699818328481e+00 3.116900452576202962e+00
-2.914491417208059154e+00 -2.741957938290966901e+00 -2.454834678616054866e+00 -1.824000144849014182e+00 2.977189261115601226e+00 2.113684867615297502e+00 2.114182834288128365e+00 2.205275671768472723e+00 -2.247975573155006401e+00 3.083751553989698913e+00 3.006740821862998736e+00 2.838908623031862977e+00 2.596553929639889180e+00 2.666480855405804817e+00 1.920994677244097337e+00 2.574766422371754793e+00
-2.749620476492248944e+00 2.377684722508842885e+00 -3.024024210261290868e+00 -2.803003458709111051e+00 8.555230011740447837e-01 -2.895686563431033367e+00 -2.849068065913531900e+00 3.089584110632024316e+00 3.057470909342938192e+00 -2.527886877562555590e+00 3.043250454734310662e+00 2.716584904707748382e+00 2.729763927631920328e+00 -2.663917906134405822e+00 3.041240456512450230e+00 -3.089228227019155781e+00
-1.983280985347864345e+00 -2.682483547261609758e+00 -2.974769981064350866e+00 -2.349866585371501504e+00 2.960001382214360710e+00 -2.867245617444211359e+00 -2.943329724344882603e+00 3.048403313860239550e+00 -2.887291921478059464e+00 -1.780442140087741709e+00 1.041318496927790882e+00 1.897071008569624517e+00 2.985325006776177403e+00 -3.072869582477847583e+00 -3.055125666609128210e+00 -2.769637754938516938e+00
-2.382626218642334148e+00 -2.741588792459157542e+00 3.139255201224533831e+00 2.911670758106810197e+00 2.615131822389754834e+00 3.001543869090395500e+00 -2.612506031209195445e+00 3.121913049950242325e+00 2.360525767880149672e+00 -2.751014665911642343e+00 1.231888646293059386e+00 1.580749937173033581e+00 -2.124658286414407460e+00 -1.436492316120084878e+00 -2.730764647842360837e+00 -2.402128917337542635e+00
-2.447295095462011627e+00 -3.033549419396750046e+00 -2.787544214332265735e+00 2.424785353921745212e+00 -2.890183907214551873e+00 3.130945227172691858e+00 -1.994772805845977270e+00 -2.030151188661113881e+00 -3.012115877452966828e+00 2.668873267474585198e+00 1.672444372251964628e+00 8.943509871144905699e-01 -1.644034971833190806e+00 -2.497077385633996283e+00 -2.694984506170519545e+00 -2.563706849711894886e+00
-2.616925804856691684e+00 -2.469751647675483941e+00 -2.786149681764130026e+00 2.993071962209246539e+00 -2.583329197792859411e+00 -2.338827643171720538e+00 -1.732046795911232229e+00 -2.930296173597938925e+00 -2.959873902299237969e+00 3.000396280722009923e+00 -2.944785231093755229e+00 -2.779087183382850323e+00 -1.628099945212405641e+00 1.760661205488184500e+00 1.480444401488943962e+00 -2.261332314970096569e+00
2.877751800258552706e+00 2.881259925363751861e+00 -2.507316490608777482e+00 -2.045158241523448162e+00 -2.987007849893351441e+00 -3.044778966138375953e+00 2.874313137108556404e+00 -2.089676706985309718e+00 3.023727925418393525e+00 2.537858546527195447e+00 2.719233429539614111e+00 2.817621072833878859e+00 2.990471972363756503e+00 3.116150142634011910e+00 -2.379685871096997918e+00 -2.898909989561434752e+00
-2.641712800492881374e+00 3.117334309135784576e+00 -2.720223329774606125e+00 2.367205916796975451e+00 1.728355789571967449e+00 2.755233403605406028e+00 -3.035597511917774938e+00 -1.561957811006106089e+00 -2.053867568089115192e+00 -2.664506778796627451e+00 -2.762568190398167811e+00 2.925720552979899303e+00 -2.708815315779101951e+00 -2.974744488744787585e+00 2.864750800538651276e+00 -2.506994387662750512e+00
-3.012392856941592978e+00 2.746685986761241871e+00 1.979042823423042385e+00 1.453398315015365538e+00 2.677388311883007521e+00 -2.136990464300994486e+00 -2.884878491261436029e+00 -2.249640649122731428e+00 -2.888127499159026890e+00 -2.628133667396773010e+00 2.914568939777932854e+00 2.400716932970591522e+00 3.066124030539991718e+00 2.456817265192519528e+00 2.081971741140597132e+00 2.808195121662570237e+00
2.981032702926129652e+00 2.560394531557423470e+00 -3.138751630894226263e+00 2.375599860121382356e+00 -2.125637074949250582e+00 -1.407715506554731988e+00 -1.746435743881262326e+00 -2.572135983929646041e+00 -2.592333004373962080e+00 2.154765621904513928e+00 -3.074430061130192460e+00 2.360385127791725601e+00 -2.720274137054929930e+00 1.810580488006101607e+00 1.682137707899857615e+00 2.116242321433854823e+00
2.276169015049046340e+00 1.968966386158683246e+00 2.046030726515632114e+00 -2.660135553356578253e+00 -2.642880875465364543e+00 2.968644481838477400e+00 -2.526873400681522774e+00 3.077519718866632115e+00 -2.735474333913063827e+00 2.113757058852448800e+00 2.290978490986269378e+00 2.634059765774559025e+00 3.042866540967350097e+00 2.582966779951835434e+00 2.073285492658197171e+00 1.953740140049786245e+00
2.622783205909214654e+00 -2.914605934032135970e+00 -3.074425355880216593e+00 -2.931328689057357550e+00 -2.787220798733004656e+00 -2.293957226849240971e+00 -3.048179290959775578e+00 2.901770952657319214e+00 -2.898373954958215037e+00 3.102687033545529438e+00 2.111532958252606118e+00 2.088238915245400840e+00 2.417720355072205951e+00 2.382349666543229993e+00 2.281960613423154705e+00 2.891126957664917008e+00
2.305185378730825629e+00 -2.939712996090384056e+00 -2.622227886524040485e+00 -2.446704613008904516e+00 -3.101558322039617455e+00 -2.273575776163018425e+00 -2.416927825033674537e+00 -2.488327398318074035e+00 -3.138541232239742129e+00 -3.098998339329780194e+00 1.204939624533711839e+00 2.380189767296370551e+00 1.553405393273674440e+00 -2.777585513099508852e+00 1.625482926710864806e+00 2.318183216905175037e+00
3.127990619631115354e+00 -2.332706032554608733e+00 -2.527311117850234545e+00 2.931156587161766414e+00 2.852458898366317719e+00 -2.466340019670731465e+00 -2.823035602338997307e+00 -2.728315209945305853e+00 3.015961052743911353e+00 -2.637682965616846786e+00 -2.459982466318588745e+00 -2.718228517094844587e+00 3.118702793739937640e+00 -2.962594551092232908e+00 2.315633040663343412e+00 1.626097378476059507e+00
2.798080791761732744e+00 -2.567876458172878351e+00 -1.793640823094098335e+00 3.100222023407451233e-01 -2.708376879783706226e+00 -2.321801011706038587e+00 -2.722379204540447351e+00 -2.269181090259585698e+00 -2.213471801953466045e+00 -2.789333957746475079e+00 -2.789451155814342442e+00 -1.666186937202071672e+00 -2.672830963878007005e+00 -2.965554413062994943e+00 -2.750755670405354181e+00 2.199848531930578943e+00
