2.521769124225854863e+00 -9.883171580256139288e-01 1.344489691176279811e+00 2.625945239407889709e+00 2.375691788725395603e-01 2.350660709012942995e+00 7.702415823940877981e-01 1.999714185728559190e+00 2.589021007024541188e+00 -8.256929659862762838e-01 8.154034939297515328e-01 1.805880201089352211e+00 2.575476936738857692e+00 2.776481431955229340e+00 2.116096369225056950e+00 2.875794542488356864e+00
1.767707875466163481e+00 1.929680862622325188e+00 3.073539342891363546e+00 2.505921380633686191e+00 3.114173297931014606e+00 2.340685193348854387e+00 2.082229666974133586e+00 2.014425093892065366e+00 2.400990091804989568e+00 -2.911731166609108801e+00 -2.528003500731627606e-01 -5.773049428087124735e-01 1.972512163218757886e+00 1.744953035879639902e+00 1.417568914510423106e+00 1.304116112587054621e+00
2.630083705108327230e+00 -2.853801997540950985e+00 -2.433147970585816555e+00 -2.680984918768120728e+00 2.861129020623739194e+00 2.286847174922118864e+00 1.885083389581798663e+00 1.140742478434603857e+00 3.418513969959723342e-01 -3.030317873937204975e-01 -3.756270321452027106e-01 7.792260713482299650e-01 2.082729909468970408e+00 9.472324061476719015e-01 -1.460913866872083078e-01 1.007841431456296233e+00
-2.038085180002240371e+00 -1.486970923561687030e+00 -2.655999935491781372e+00 3.024092729659757950e+00 2.238318894764975031e+00 3.112396610271030539e+00 1.872306613614226123e+00 1.495399914099858840e+00 2.797343702828227752e+00 -1.506728113301556427e+00 -1.849201219659291295e+00 1.649482310304271948e+00 9.695432181549795692e-01 -2.432820420707026698e-01 -2.412329609065932079e+00 -3.790053658208702991e-01
-5.736985778584413609e-01 1.467858205823782347e+00 1.761735472764385912e+00 2.175876505017980023e+00 1.610950851676839157e+00 1.330519712694044898e+00 1.673772618282165059e+00 1.438367532980757979e-01 -1.627603088344394822e+00 -2.649289489233530581e+00 -1.595716687080612761e+00 -1.086496591913067133e+00 -3.790182247794416925e-01 -5.026229458732138777e-01 -5.047279683291847618e-01 5.637267668565534295e-01
-4.581010563512384337e-01 1.039956669403433676e+00 2.963129342307527558e+00 3.065347294779285914e+00 1.781724896151064774e+00 1.441594336729321801e+00 7.109538041677141429e-01 7.143608436541574180e-01 -2.398590824218617801e+00 2.007321180310637665e+00 -1.608898825374704744e+00 -3.477793139988683696e-03 2.403432405562007101e-01 2.914147659418347969e-01 -8.410990903657569184e-01 -1.415013955366097420e+00
-1.195788778759642845e+00 1.152264451871079398e+00 1.902778853777824075e+00 7.256803643818138250e-02 2.406993424128286985e-01 5.853025400508667930e-01 -6.748466893532495403e-01 8.883670975683857218e-01 -6.468154019134220167e-02 9.009163627653949957e-01 9.815774599212206963e-01 1.284110330225499919e+00 -1.063088557645475857e-01 7.486874228766995376e-01 -1.692592209621438748e+00 -1.669719224712021610e+00
-4.333201151845745835e-01 -1.726633750701610237e-01 8.611267911449582702e-01 -1.782597641531500354e-01 -8.936942967097896151e-01 -9.500507756773284296e-01 2.451192186914490367e+00 2.407783183205443045e+00 6.245357457996957296e-01 2.356046861663142256e+00 1.222486551923428033e+00 4.792946229356926380e-01 -4.689982577923786367e-01 2.712563567310861679e-01 -4.605411696705206115e-01 -4.718908819204519767e-01
-7.042458519565255592e-01 -1.325482012839812374e+00 1.736907079595717773e+00 -1.360895951252877323e-01 -1.002028861444357322e+00 -1.127053134599300677e+00 -1.552937371766164754e+00 -1.482002152097413150e+00 -7.790504008300612737e-01 1.254824196220945876e+00 2.722690858890149723e+00 9.482010682026397186e-01 -3.666793586490856849e-01 5.355447003209747869e-01 3.216977483650015901e-01 -6.489889762052422628e-02
1.606427384575495942e+00 1.299186196881076949e-01 -3.833613968490613422e-01 -2.663205312131229907e-01 -6.573568017543646169e-01 -2.241459585871285576e+00 -1.027881260313098677e+00 -8.463581839879811275e-01 1.325630972123708951e+00 1.744112131885854566e+00 1.741175959457913480e-01 -5.725121210843735486e-01 5.451034360951472202e-01 -4.690012475770268807e-01 -4.902312248240535686e-01 -3.098728898365636919e-01
-2.115698300889756467e-01 -5.784303416376064266e-01 3.210285197076047092e-01 1.138889528793923134e+00 1.673342689310459708e+00 -8.931723534640327866e-01 5.695823466123991347e-02 -1.967041659608940174e+00 -4.479994442762024187e-01 2.109389418014779416e+00 1.064463173820777930e+00 -8.127315097017434598e-01 7.700680868247502531e-01 -2.674645577056735668e+00 -2.752804184365581275e+00 -3.021196305868715903e+00
-2.550233290738518566e+00 2.641334742358400156e+00 2.195164383633320337e+00 2.770629216177177945e+00 5.299330841342865250e-01 1.227926500132394239e+00 2.475111323665747154e+00 -1.596567027593128074e+00 -3.430139205394946988e-01 9.598500025289056214e-01 2.634485986416473802e-01 -2.885005414524282608e-01 1.041396324111126370e+00 2.106061594212228716e+00 1.840514454952458800e+00 2.765805047476064260e+00
-3.098633356923619075e+00 1.776590173945004292e+00 2.549465915539887551e+00 -2.627213059238630244e+00 4.738832257917280355e-01 1.101461989952805087e+00 1.629468202136570065e+00 3.180312061053785361e-02 3.921646429440778236e-02 -9.076470566373616711e-01 -8.589047171792000279e-01 7.324446377333818647e-01 1.278258086551435246e+00 1.440097611380979137e+00 1.927792838168967959e+00 3.060109819619440508e+00
2.425156637999800413e+00 2.513799746223503107e+00 3.021169600815670542e+00 2.871314787694332349e+00 1.364681418486970665e+00 1.492131447040295322e+00 2.393114754856863868e+00 1.601091825535586155e+00 -2.210415307877951374e+00 -4.020188021031493308e-01 -9.053620798227312028e-01 1.041334818795170536e+00 2.590818371577326751e+00 1.251878923598708893e+00 1.347787250730949848e+00 1.953654584895763602e+00
1.804080948930611328e+00 2.368785946343292537e+00 1.367822256630368605e+00 -2.068720556998338900e+00 4.249624159667602652e-01 1.456577903046379907e+00 1.429864658351722717e+00 1.629745885776688885e+00 -7.854489088134273267e-01 1.868169777091097439e+00 1.988266125179005916e+00 2.087462743386113928e+00 1.977817702394664812e+00 -1.902579006763462477e+00 1.672935167813099255e+00 1.813667897412244878e+00
1.720767459542278832e+00 -1.782652761013812648e-01 4.454654845644291927e-01 1.787862597003874399e+00 1.127857022105175355e+00 8.692272870382495853e-01 1.296868795237011929e+00 1.602790394987990252e+00 1.157989907237583438e+00 -4.305670875693368149e-01 8.769130591642386729e-01 9.726013970949546339e-01 1.859893698621488234e+00 2.794726595996140261e+00 2.906465607209457236e+00 2.403973028435790305e+00
