-2.884974605869813136e+00 -3.038371178166628273e+00 -2.939735548504240015e+00 -2.889012504815797744e+00 -2.644276721992183443e+00 -2.967708590244213962e+00 -2.093897271807692473e+00 -1.705530688542871820e+00 -1.723012369308896341e+00 -2.286216328725529934e+00 -2.682633849106725865e+00 -1.710254235454036431e+00 2.791922542950526331e+00 2.374171404026676591e+00 2.746844140700374748e+00 -2.412955294360610736e+00
2.810310412372422295e+00 -2.156869077029109683e+00 -3.010461023962368365e+00 -1.838504535752420788e+00 -2.056404740681458065e+00 3.092282564740329143e+00 -2.389187808154746850e+00 -1.921818962276186094e+00 -1.670265625255326070e+00 -2.377623614591148460e+00 -2.553261889501380555e+00 -2.587348859110553345e+00 3.029043817155179674e+00 2.267810495796287018e+00 2.670353956267463413e+00 -2.505566713963915948e+00
2.799330548295803744e+00 3.006975275497256295e+00 -2.574998149779429646e+00 -1.244467262817419373e+00 -2.538641203452368877e+00 -2.152204272042569144e+00 -1.240943265422698838e+00 -2.288959255251600933e+00 -2.018300688031890555e+00 -2.627564585554809540e+00 -2.769891492525888843e+00 -2.842517798797404627e+00 2.964333987408110715e+00 2.762419630405515747e+00 -2.897621352369038839e+00 -2.827432571066198275e+00
1.592713472342329961e+00 -3.103242750403188754e+00 -1.203109959718839939e+00 -1.021624315991820353e+00 -2.094946410381438362e+00 -1.621401720640509803e+00 -1.697088993945191859e+00 -1.598618522926193553e+00 -2.377164398648270893e+00 -2.813184088343082312e+00 -2.499885296333851592e+00 -2.330123843206788337e+00 -3.085884312479216796e+00 3.089317179020355741e+00 3.053709464905614013e+00 2.240027411980874739e+00
-2.751989164283844325e+00 2.311464275219305531e+00 -2.878452139032443124e+00 -1.578780294898115999e+00 -2.107935265304728745e+00 -2.475898154654141869e+00 -2.457517055074119217e+00 -2.446876788091745247e+00 -2.364144336059709417e+00 -2.744411062112065647e+00 -2.313842841772505654e+00 -3.125701371319776989e+00 -2.446220936166826565e+00 -2.752678508830883608e+00 2.723568220149494401e+00 -2.406801427943237481e+00
-2.505992221052864455e+00 2.849030759415080993e+00 2.871849396022059686e+00 -2.962236649789854237e+00 -3.133978993339557650e+00 -2.813687681722752298e+00 -2.829100337638074336e+00 -3.091041458691752286e+00 -2.930873120658626707e+00 -2.720358963991689638e+00 -2.272355286103829641e+00 3.013109256410997361e+00 -2.668545236704126467e+00 -3.042272332331686702e+00 2.496991545313071992e+00 -2.900712235504192549e+00
-2.996276930366278624e+00 -2.335359581747494584e+00 2.450778226589291897e+00 -3.016041754910762762e+00 2.825318410176546724e+00 -2.658938969824730769e+00 2.543685217117606534e+00 2.988943046249743940e+00 -2.472936425643061931e+00 -2.068856663070826052e+00 -2.561269621750651204e+00 -2.717938115981146652e+00 -2.230166978498345554e+00 -3.032824718078114490e+00 -3.112212432198395273e+00 -2.037346706573089250e+00
-2.363965030586393734e+00 -2.041845342840991062e+00 -3.060381927042258532e+00 -2.933237681663773078e+00 1.991552134669193563e+00 3.121196425969216204e+00 2.515453537401342476e+00 2.637038098786080642e+00 2.690381750866960520e+00 2.955658780058455726e+00 3.070021999281174807e+00 -2.656232265580779295e+00 -2.627617137709013395e+00 2.813034293686591081e+00 -2.418905825516096453e+00 -1.698228698618551524e+00
-3.033539540033630466e+00 2.753584683777991593e+00 -3.083759166413038599e+00 -1.986192484125210544e+00 2.068176399524221498e+00 1.101400743671208549e+00 1.455872664569574981e+00 2.272099723160306173e+00 2.806318579830002324e+00 2.482788534120725643e+00 2.870043806505094608e+00 -3.040377153964767487e+00 3.032740024751075403e+00 -2.443116270087706265e+00 -2.640405746955257982e+00 -2.898189836313877166e+00
-2.850882777365568721e+00 -3.040334285037574080e+00 -2.421799142763285229e+00 3.099861352917819168e+00 2.879702512592744235e+00 1.729822674473020738e+00 1.786522806176520373e+00 2.447239555978275138e+00 -2.665914223242312975e+00 -2.997743194537191957e+00 -2.923364875067468560e+00 3.017254746355242379e+00 -2.966832075838571114e+00 -2.225078024222679751e+00 2.861896215817137712e+00 -2.652377772458136995e+00
-2.456425408032127056e+00 2.723525412003997115e+00 -2.536048141857072391e+00 -2.908312763936829803e+00 -3.065382839090065925e+00 -2.905839724627400145e+00 -2.889348322351500631e+00 2.699648429331363619e+00 -2.618474922368827951e+00 3.122728635286351917e+00 -2.990681548600590656e+00 -3.102252492187955291e+00 -3.026955626993497628e+00 -2.802209685415638418e+00 -2.071926467731942889e+00 -2.288799347089097935e+00
-2.499995648656387015e+00 -2.868410522970950005e+00 -2.678986114931666940e+00 -2.637389162090064243e+00 -2.909112783143945169e+00 -2.690756214029179194e+00 2.259281487083984352e+00 2.605599352307829353e+00 3.058081436694500610e+00 2.969308151731531176e+00 -2.828701614131421405e+00 -2.439413141683605346e+00 -2.024981064416013776e+00 -3.119660836507045065e+00 -3.075322761242302860e+00 -2.789955919808531970e+00
-2.594702625542580687e+00 -2.897558179548166191e+00 -1.771978388138095495e+00 -1.464491899789766238e+00 2.966793973394926898e+00 -2.511420668554511515e+00 3.000336323161746144e+00 2.900190541642220676e+00 3.045195901783219750e+00 -3.041300835260695834e+00 -2.344920466037135665e+00 3.124869008711101959e+00 3.139696898565109251e+00 3.012033827596740654e+00 -2.632765647444331503e+00 2.970222701768770346e+00
-1.885021758949724235e+00 -2.177046106981027851e+00 2.962976630515890442e+00 -2.776267347026026844e+00 2.888479472332693199e+00 3.120777781988488542e+00 2.632455116002992757e+00 2.761815866297406608e+00 -2.869848970388763743e+00 -2.142744578628653862e+00 -1.899597254549631797e+00 2.584537251366336719e+00 2.488739540083590995e+00 -2.605353248865037497e+00 -2.841690315802666511e+00 2.965790470824468006e+00
-2.468788752591304814e+00 -2.488464064859179370e+00 2.898512746457190037e+00 -3.060071420221609273e+00 -3.031589529409434824e+00 3.103941009713201193e+00 -2.870944423434451220e+00 -2.958177888864447880e+00 -2.479717919255727487e+00 -2.862359399210582467e+00 2.919029232491633152e+00 -3.118889961027088376e+00 2.999595659211912402e+00 -2.027915763123693704e+00 -2.492179258762209138e+00 -2.789663241010510220e+00
-2.651018588904815232e+00 -1.987740427585751535e+00 -2.398325959069972146e+00 -2.707168716828394217e+00 3.034950563577327731e+00 2.341695367968726682e+00 -2.998619605526537946e+00 -2.394975682500398051e+00 -2.461077299507362870e+00 -2.249118740620872803e+00 2.114252673572065255e+00 -2.314677361346961337e+00 2.797824931486463829e+00 -2.897456072130674354e+00 -2.881872236730326442e+00 -2.443130275870194268e+00
