-4.587770317665120778e-01 -1.450415993007629911e+00 -8.224031454266875762e-01 -1.937659328491388333e+00 -1.284444813520890794e-01 -1.069268190194089474e+00 -6.340227134887708171e-01 2.564072207497299360e-01 -2.350061590820607282e+00 -1.786555409132814187e+00 -8.556535121802668620e-01 -1.236014890453842829e+00 -5.744656321230613427e-01 5.057238123705178751e-02 1.189404162410576116e-02 -1.014199029269453822e+00
-3.883984090620450913e-01 -1.460789493442123055e+00 -1.040817489227811254e+00 -1.841294439004767858e+00 -1.087083195247030565e+00 -1.069655646109332725e+00 -7.977573095854642027e-01 -1.272647905125722234e+00 -1.859231757486227821e+00 -7.167115638141314804e-01 -8.693794744734635316e-01 -6.919331575205613927e-01 -5.503532231434502542e-01 -7.860295432658893633e-01 -1.126923609847868102e+00 -1.229004140998966044e+00
-9.824367294151667984e-01 -6.753678620439386160e-01 -6.230001139634682161e-01 -9.888563766220458406e-01 -1.190037458539236481e-01 -3.624441838149470851e-01 -4.436383347165401836e-01 -8.843216333853105571e-01 -2.045853692650822619e+00 -1.392200407376378957e+00 -1.074953191565376276e+00 -9.025699735922444455e-01 -1.296321777986890744e+00 -8.481281511281284491e-01 -7.196224856545012649e-01 -1.760129328102071788e+00
-9.013456010242490990e-01 -3.491115159175380844e-01 -2.763946683697020984e-02 -9.924891839395356963e-02 -2.441843636926495087e-01 -8.033839177024730827e-01 -1.428975042416396279e+00 -3.418872625244423480e-01 -9.691609579276551090e-01 -8.248699608810083905e-01 -9.784853220847408162e-01 -1.564358813775308388e+00 -1.391220734759401889e+00 -1.015786402281804390e+00 -1.550675454917342266e+00 -1.737840853220206316e+00
-1.673698909324594641e+00 -6.266655038047884707e-01 -9.054200813679021964e-01 -9.430581202038003097e-01 -1.390141748321652271e+00 -1.461219303939108372e+00 -1.813253526446467978e+00 -7.160080772864793053e-01 -1.095759142821305154e+00 -2.306838050949419350e-01 -1.456187993986743257e+00 -1.650537358129785082e+00 -8.369378698276218609e-01 -1.046602597623376374e+00 -8.904917840934151174e-01 -1.898012412937879922e+00
-2.738426872662785616e+00 -8.787269857003831008e-01 -9.163379949305608951e-01 -7.692171196446533354e-01 -1.263032526797948973e+00 -1.781189744961496180e+00 -1.199435857651163007e+00 -8.543925757665228327e-01 -1.480950200968802477e+00 -1.546171506068293455e+00 -1.956402498765612341e+00 -1.523568471881279418e+00 -1.516550616596326062e+00 -5.817766002039521656e-01 -8.307081522884797176e-01 -2.278666162633541159e+00
-1.276452312332888583e+00 -1.183429472744559785e+00 1.697918490186842988e-01 -3.999965918424130407e-01 -2.476960753863983178e-01 -1.365905910692608805e+00 -1.549645574396014247e+00 -2.607887653800521566e+00 -1.811005785600821261e+00 -1.849306216814829540e+00 -2.122797778868962038e+00 -1.154195148186937692e+00 -1.466144948381282287e+00 -1.139097478718927858e+00 -1.349413361009048407e+00 -1.515885061481190066e+00
-5.071949317754721465e-01 7.031616973326082487e-01 1.456160044790446362e+00 2.024310613742229537e-01 -3.376265848481184717e-01 -7.058627073957534082e-01 -2.110874021807733314e+00 -3.056172290204699937e+00 -2.326046902327358001e+00 -2.163098712588787276e+00 -2.772826351282774660e+00 7.565342078404090342e-01 -5.847843109202260914e-01 -1.370520173863482238e+00 -1.948291600136734081e+00 -1.696648924114091184e+00
-4.442319027554524347e-01 1.193220196935540933e+00 7.641350870488783364e-01 6.425110959202244842e-01 -1.078506751185729362e+00 5.596618594237209171e-02 -1.141753357627323107e+00 -2.297769573982119784e+00 -1.914604120644018970e+00 -6.550198762310559530e-01 -8.803352425940021986e-01 -2.448205340810681863e-01 -1.298919415133292565e+00 -1.017216562486544573e+00 -1.151824458374566262e+00 -5.513139409987178885e-01
-1.147156408110983628e-01 7.489867766812383643e-01 7.892293790345541460e-01 3.669121662731695821e-01 -1.580524514225614130e+00 -9.291740986734495777e-01 -1.262884449028170541e+00 -1.795131480363172161e+00 -1.079926101736229382e+00 -6.896508908775730307e-01 -1.019337790370894670e+00 -4.070193977170171173e-01 -6.575176804866299518e-01 -6.716443846946368312e-01 -7.965492588784857109e-01 -1.163274170802728991e+00
-4.441349812219848037e-01 9.313504268727382240e-02 4.146006184635697145e-01 -5.782949429624510973e-01 -6.167656887219387096e-01 -9.778990397570201942e-01 -2.396892694280052527e-01 -1.238999754924847041e+00 -8.184584270645510751e-01 -7.705915695102950602e-01 -1.610893803064560981e+00 -1.658015458611099779e+00 -7.674722220165973718e-01 -7.867914826700448394e-01 -2.937624165793255582e-01 4.316643184830328828e-01
3.026179095290029708e-01 1.090876441104132510e+00 5.303193721687318174e-01 -4.132314218467522671e-01 -1.227081925598418666e+00 -1.474005801242292746e+00 -1.392199185286339569e+00 -1.361535640490006527e+00 -1.355964786895496710e+00 -9.659933592901800425e-01 -1.059471077078025125e+00 -1.409435807072086932e+00 -2.548838119448139650e-01 -2.773525332386472253e-01 9.135575898136414352e-01 1.423590425263232317e+00
4.719186611768893536e-01 -2.710207202840410612e-01 -9.108609415157400413e-01 -5.868519108949308283e-01 -1.590166323099745149e+00 -1.017512685888249502e+00 -1.337570126802682724e+00 -9.781068082489310367e-01 -1.137197135946766080e+00 -6.260841186493908417e-01 -3.687187586097927516e-01 -2.679247031347740116e-01 4.143221316737053517e-01 4.645119125999697673e-01 1.728742419865674507e-01 3.765322594756452257e-01
-4.868927186198340057e-02 -9.565143224451763126e-01 -5.222720954045907416e-01 5.581440955334251303e-02 -1.835655461328193280e-02 -7.386955324728586847e-01 -1.759634730282382487e+00 -1.128521279529983268e+00 -1.278899933956981094e+00 -2.101148218829459680e+00 -1.061493474603761644e+00 -6.042231967865611120e-01 -1.634393400518056594e-01 -3.282669887473400883e-02 -5.327347901440087075e-01 1.531889500803749193e-01
1.242081550140779339e-01 -9.137825374828049130e-01 -7.385065357572345723e-01 -5.414891892473549379e-02 -1.960364429779577755e-01 -9.272728341559530740e-01 -1.508568372168511251e+00 -1.188184036293808088e+00 -9.699643103413051470e-01 -1.715318453985772651e+00 -1.222437000760076220e+00 -8.564162255438430016e-01 8.491108203162092138e-01 4.889895220787030539e-01 -6.129717356285524499e-01 -9.292338341910151289e-01
6.743618620965659005e-01 -5.289748446853553832e-01 -4.750552930047963751e-01 -1.059653972275213851e+00 -8.089489092961757999e-01 -9.562766924238745858e-01 -1.694453285956794897e+00 -9.849426923513736609e-01 -2.322365592213712748e+00 -1.402212998296650470e+00 -1.182712343811090250e+00 3.124679275470687578e-01 -2.440490114317925008e-01 2.664358034495111216e-01 -9.994637965623718312e-01 -8.198192934090092754e-01
