2.747185256248254603e+00 2.825953107691459021e+00 -2.531054997283816110e+00 -3.006294482736655116e+00 2.996436365945168045e+00 2.953903056622137591e+00 -2.766118698277004295e+00 -2.920836269739333524e+00 -2.457902351866649848e+00 -1.985303570588428324e+00 2.835473239712838822e+00 1.697490076838118478e+00 1.342544694516766279e+00 2.938277485460214944e+00 2.554228041373023839e+00 2.888512565639645757e+00
-3.082900867111962206e+00 -2.997583758243303809e+00 -2.187919224913482452e+00 2.905304795674481966e+00 -2.741928002488048577e+00 -1.885320079134702231e+00 -1.891446778346109525e+00 -2.382168223916866889e+00 -2.281063191044614857e+00 -2.937914631654388042e+00 2.290304807930650721e+00 1.900902479512559307e+00 1.308193327758463642e+00 -3.022093146716538836e+00 1.789651138470465419e+00 2.118621774239795919e+00
-2.946280576535980078e+00 -2.828777606545892720e+00 -1.848724729811208389e+00 -3.131986646844760802e+00 -1.606336629948694972e+00 -1.847581158393737599e+00 -2.704450032027728490e+00 -2.318388752785477624e+00 -5.246870585128386999e-01 -2.882348123762640935e+00 2.834995260980015086e+00 -3.091307923532710333e+00 2.690804621960607435e+00 8.216487798207520177e-01 1.128009134075077080e+00 8.343826496967360340e-01
2.744477004212480420e+00 -3.106729640311452378e+00 2.745814998374905169e+00 -2.995414143901089954e+00 -2.176173270476990940e+00 -2.234778926858321579e+00 -1.485077610662894232e+00 -2.528122511000049588e+00 -3.047499952592083616e+00 2.381393956709121351e+00 -2.880028521032505839e+00 1.634010525743221365e+00 2.171099660718261326e+00 1.037061691937706032e+00 1.558050320297603264e+00 2.064475129129708986e+00
2.064920996664592501e+00 2.934447757213170860e+00 3.100859855025805967e+00 -2.453048756993741808e+00 -1.696770155360600496e+00 -2.549278241106612164e+00 -2.502744187614167171e+00 -2.577596670042931137e+00 2.492499019736906796e+00 2.955303669967050517e+00 -2.741901930417975919e+00 2.273521716718572616e+00 2.367553653532887825e+00 1.854309957352360705e+00 -3.045439137466780188e+00 2.541370290198553317e+00
1.772153383066426446e+00 1.460790513095993948e+00 2.334508114301955484e+00 -2.322621643907415212e+00 -2.155765152385457739e+00 -2.643851065906859699e+00 -2.558300445981299909e+00 -3.098489448080089304e+00 -2.879156919800356818e+00 4.553667762277783249e-01 2.476943578906480870e+00 1.771947330622718475e+00 1.885847252900707982e+00 2.357294913308752626e+00 2.455440008359089710e+00 1.600296154311656727e+00
1.877816984719579141e+00 1.520484488270860801e+00 1.837592165199529060e+00 -2.257106192998799887e+00 2.884130190421367423e+00 -2.982990691873345757e+00 -1.835302630294092019e+00 -1.647571760695336618e+00 -2.508772440433177042e+00 1.993587516259135661e+00 2.690132747085433707e+00 1.814131314923590477e+00 2.736642508072998581e+00 2.761305811907726060e+00 2.884759322016535954e+00 2.739790189182190083e+00
1.436927868680214049e+00 1.635343139673389290e+00 2.277953755980663963e+00 2.215296288385172119e+00 -2.899790529072836076e+00 2.811240107207281902e+00 -2.226896841488261725e+00 -2.437905753419263188e+00 2.318890228011113219e+00 1.361959984174309746e+00 5.578665450399317161e-01 1.449021164944494233e-01 2.035586524765265359e+00 2.584933505017929622e+00 -2.982970936600120915e+00 -1.992075740739411183e+00
2.910077308566319410e+00 2.691670205326979648e+00 3.138420095200975979e+00 2.424329446173931757e+00 3.078280448650025924e+00 3.028814226526665987e+00 -2.654177097643992234e+00 -2.854821313754376533e+00 2.892813905696813848e+00 1.632517022302192977e+00 1.455990606504279805e+00 1.588689429086591609e+00 1.921023811978174622e+00 1.037950923550806204e+00 1.998840075282138917e+00 2.242159128567272397e+00
1.134822551664662615e+00 2.752787094438879478e+00 3.045503410696298374e+00 2.309355650412133087e+00 2.662117122558401050e+00 -3.070950539649648814e+00 -3.076190915822576866e+00 -2.786570631412098820e+00 3.140713154287246844e+00 1.157531355070799517e+00 1.135182280566943369e+00 1.802656903279536094e+00 1.565368569347297623e+00 2.046825567125673651e+00 1.564358565738120710e+00 2.081324616536555094e+00
2.255932012086835137e+00 2.243826918727777731e+00 -2.766160952976062237e+00 -3.046971072529926605e+00 3.127198553490559529e+00 -2.744715599947014528e+00 -2.932134688823474722e+00 -2.892781620223912054e+00 -2.675449064220603468e+00 -1.883661321374819009e+00 -1.002841224886843907e+00 -3.971256327270046294e-01 1.912067111524285767e+00 2.391245741375039646e+00 1.406181192080032227e+00 2.278718568963852054e+00
-3.140164655204300548e+00 -2.596461915359962624e+00 2.157396775560408653e+00 -2.296394473441556450e+00 -2.142567625756343297e+00 -2.445571307352439661e+00 1.552815381255979732e+00 -2.804257340333966564e+00 -1.891612671497813425e+00 -1.404973525595431649e+00 -1.644704518555794248e+00 -2.420324844894183425e+00 1.349526993230665717e+00 1.824907983617422236e+00 1.532957859338362150e+00 2.854861636162704830e+00
2.473063890482920080e+00 -2.205230964922333392e+00 -2.903546166866800338e+00 -1.804905836230375593e+00 3.046878403588486606e+00 -2.689787658371875612e+00 -2.785654745055484494e+00 2.553058988439271815e+00 2.429338329379973516e+00 3.113686728331269471e+00 -1.312916118034433977e-01 -2.954807245582956376e+00 2.423222660979343690e+00 -3.006651206732247505e+00 -2.681835890701429026e+00 1.703666145035858781e+00
-2.957076715111923715e+00 3.120675853814391942e+00 2.607697661481691576e+00 3.027561658228120844e+00 2.689532753148109023e+00 -2.122701144111609928e+00 -2.054237222792475670e+00 -2.581187755179373156e+00 -2.180375061609660214e+00 -2.987849181372491447e+00 2.407253770560587203e+00 -2.950062944800213582e+00 -3.027079058643402654e+00 2.616323252793771648e+00 2.606986385451785626e+00 2.676820556306950927e+00
1.264047557077643935e+00 2.807342392204545067e+00 1.846756150495076021e+00 2.712585477393787414e+00 -2.837007114952408315e+00 2.959333157559402849e+00 -2.136888152641922556e+00 -2.963989945431716677e+00 -2.472249053005983743e+00 3.129884962766118495e+00 -9.739324763949993580e-01 2.339953026574834283e+00 2.739204843815101764e+00 2.218539487659686227e+00 2.015699192080362412e+00 2.019137860621577740e+00
1.144319713559994955e+00 -2.393809712236563580e+00 -2.807728668086026058e+00 2.515872510467721312e+00 2.770855224767696523e+00 2.911410674160774814e+00 -2.633497585536992425e+00 -2.643327119113702217e+00 -2.308912156730594134e+00 -2.601516562807042021e+00 -2.185722237355155251e+00 4.817951495234779058e-01 1.081186986822098239e+00 1.468232513342655254e+00 1.682890033960416920e+00 1.633622272547492038e+00
