-1.455659116005111331e+00 -3.545658153325140227e-01 -1.630118228992752938e-01 -7.448272500147826714e-01 -7.757882511650563417e-01 -7.671833146895102873e-01 -3.791137370841487497e-01 -1.411384773203569143e+00 -1.323888583883053194e+00 -2.418938969443232612e+00 -9.676056586535618509e-01 -4.317679858136911353e-01 -1.777937451051121220e+00 -4.145049183437551354e-01 -1.504267309376870365e+00 -1.275117497370021002e+00
-1.681607950521702310e+00 -3.388016881015725179e-01 2.476783619817207460e-01 -3.505500611844621917e-01 -6.424786331515704996e-01 -1.030022234987197693e+00 -2.205591616589431148e+00 -2.284294163563229230e+00 -1.812737913539183676e+00 -2.159492706745555157e+00 -2.467632999331075272e+00 -1.818992946378616971e+00 -1.570452731053565643e+00 -3.328132886457630391e-01 -1.016987820113046448e+00 -1.793928426267153098e+00
-8.534669521249439450e-01 -9.452672723840002122e-01 -1.661786332126237387e+00 -1.471515100139758392e+00 -8.153381332733096176e-01 -1.128820807346055721e+00 -1.217408329967157199e+00 -2.199416641091170188e+00 -1.853345147915161473e+00 -2.068221854063601928e+00 -1.673283143793751204e+00 -1.382108647506034016e+00 -8.505967242120073823e-01 -1.760936739126263584e+00 -8.492760452672403204e-01 -1.236709197064921995e+00
-6.253773492423673197e-01 -5.412066554490695819e-02 -1.170996790757633299e+00 1.317463345932071983e-01 -5.015673963221547460e-01 -2.902801755125936189e+00 -1.670411017249878061e+00 -2.761036274088138676e+00 -1.460166976112682313e+00 -1.430090049148794451e+00 -1.143046874567928528e+00 -1.871390110941603568e+00 -8.528651133058670064e-01 -1.106713788791396036e+00 -8.519074008578571000e-01 -6.390047035612110848e-01
3.761875410349765914e-01 5.331160223274377108e-01 -8.226179270920562780e-01 -6.991294736238083951e-01 -8.020748429543524960e-01 -2.024568910572798419e+00 -1.982187106075925742e+00 2.505003968984193641e+00 -2.767638630865635996e+00 -1.625697196126358657e+00 -1.228393923234444296e+00 -5.900800656438380809e-01 -4.796900065221952336e-01 -5.106434169435754011e-01 -1.091632272491885880e+00 2.618913576617182271e-01
-2.575845849260285925e-01 -6.741948725752515692e-01 1.571530639342998414e-01 -8.402508401841430885e-01 -2.088689758517372347e-02 -1.382007982712356364e+00 -2.680092341354873842e+00 3.105399519475372294e+00 -1.916178391317572061e+00 -1.182892662626094715e+00 -8.564316827376222685e-01 -1.532460102264786128e+00 -5.643145512803134922e-01 -1.007005364522838065e+00 -1.216851986213038250e+00 -7.841975284690291259e-01
-3.775063559589472151e-01 -4.312764225559080900e-01 -2.562956029013188641e-01 -1.113735672876527305e+00 -8.102540805835329873e-01 -2.028634428218595964e+00 -2.776527944286820038e+00 -2.362114144120619486e+00 -2.460786815577231668e+00 -1.482058673862296505e+00 -1.051893949160244368e+00 -4.899475950777586464e-01 -2.937528791914574278e-01 -4.802132078030956763e-01 -4.924712668606018307e-01 -6.002256447462157585e-01
3.547380839252710083e-01 -1.855362416256183034e+00 -1.149647881041834907e+00 -9.998795071618730990e-02 -5.820666482494472049e-01 -2.506131298442866751e+00 -1.549853664122722741e+00 -1.834527582289936509e+00 -1.743373566847917111e+00 -1.814065960387619469e+00 -4.728350352965425829e-01 -1.133213577038528069e-01 2.846549738617036307e-01 3.191606403323454244e-01 4.970473225038424814e-01 -4.569366001521902310e-01
-1.512818269768883450e+00 -8.734795996483276648e-01 -1.240053069038743683e+00 -2.016679002291341227e+00 -1.253553011828961505e+00 -1.873415793576351795e+00 -5.689662473286146716e-01 -1.076881256999616676e+00 -4.393820114342329441e-01 -6.904539729604101117e-01 -1.595134263836873734e-01 -8.698785945872888892e-02 -7.760464475093304948e-01 -8.738346987223543083e-01 -2.124527586492077624e-01 -9.360372063831871037e-01
-8.201195051909146994e-01 -1.951741562767881355e+00 -2.523253461581152379e+00 -1.995453036638452415e+00 -1.951543441840460913e+00 -2.623899008146479250e+00 -1.676756119960881142e+00 -1.634394033562356352e+00 -9.893010357197458138e-01 -9.668736380354072679e-01 2.916453586328723313e-01 -3.293747217870991451e-01 -6.512101230576258226e-01 -1.015967138979640749e+00 -1.510224852043402288e+00 -3.123006086698943418e-01
-7.608421281983412943e-01 -1.663504118815772648e+00 -2.384315303816670006e+00 -2.727294765740717164e+00 -1.841202957901754367e+00 2.580422302445779081e+00 -1.470997177129073075e+00 -1.609624631642694759e+00 -1.241874341132631399e+00 -1.478837239978763041e+00 -1.126731849557069065e+00 -1.628155551635766640e+00 -8.309554129714105120e-01 -8.528092849758350802e-01 -2.233264890071973152e+00 -1.907443826782715179e+00
-8.952833946541668420e-01 -1.846130626983840228e+00 -1.717869260913351459e+00 -2.299274900121385468e+00 -2.373881274716281631e+00 3.027651135895794710e+00 -2.814164307776839902e+00 -1.145099541385697250e+00 -1.428185380186266507e+00 -9.751695800032217365e-01 -8.838554570726541160e-01 -1.177806719674567404e+00 -1.108958214125813413e+00 -1.389618810302954977e+00 -1.316238721124852296e+00 -6.580365501022528152e-01
-6.364037253706890107e-01 -1.035612342401828201e+00 -1.323954060876355809e+00 -1.565005078558592277e+00 -1.799946751244665188e+00 -7.361871407065754269e-01 -1.172462772102006001e+00 -2.557568441012838978e+00 -9.428379358775430541e-01 -1.353345297336323139e+00 -2.210204351624698749e+00 -1.879037770559275122e+00 -7.766130954198852132e-01 -1.375832401183199716e+00 -1.024625551945150148e+00 -2.919853963246509254e-01
-1.493250884177709015e+00 -1.839668818657485883e+00 -1.920043726108110249e+00 -1.276338374271443588e+00 -7.166685056619376271e-01 -1.003429997541252838e+00 -1.303290026499944521e+00 -2.197135425470728709e+00 -8.581021929535790349e-01 -1.408617453779182238e+00 -1.236283146406408795e+00 -1.190575882909745697e+00 -1.692609733811616168e+00 -2.110166167886566413e+00 -6.318457845259208838e-01 -7.233619941632327688e-01
-1.489453219644303772e+00 -2.297847606867862158e+00 -1.086694561414485616e+00 -7.233315574942544846e-01 -3.705453767100418405e-01 -8.630297330887107821e-01 -1.402575043190933846e+00 -1.536755780513750391e+00 -2.395051832460799890e+00 -1.503272845362573218e+00 -2.614912204603355050e+00 -1.560989650118815852e+00 -1.694375702823912144e+00 -1.762717798320121654e+00 -5.744573882199741632e-01 -3.584660871462092002e-01
-8.836480684035180611e-01 -1.015821926498275074e+00 -1.588739150138671397e+00 -1.469992667921171670e+00 -3.803424987071840624e-01 -8.385615711946871054e-01 -1.048942652484090354e+00 -1.170708093951914774e+00 -2.213794104686853004e+00 -1.794332951697938272e+00 -1.287026900939183038e+00 -4.422891761847008718e-02 -6.254435570591037052e-01 -1.655536791435208710e-01 -6.437226728277813947e-01 -6.909065883104832384e-01
