-7.849293223029567557e-01 -1.392193836138646279e-01 -1.409743088345278075e-02 -3.757860722378718044e-01 3.962376307436754619e-01 -2.425625746365791535e-01 -2.205194707467875437e-01 2.681622205507132040e-01 -1.054781307941288770e-01 -4.180450862358380815e-01 -8.001801183293733022e-01 -5.983510350062085648e-01 -4.700170487552275955e-01 -1.184457979149631468e+00 -8.264857513243669684e-01 -5.837458588008112015e-01
-5.704394404655142026e-01 -9.632190557636341466e-02 3.763103753483604957e-02 -3.692496362259483633e-01 -1.482910386122795188e-01 -9.761346860818742588e-02 -2.075217596166044343e-01 -2.291062968587288529e-01 -2.657374986109466847e-02 -5.039819238799804202e-01 -6.752280712886107317e-01 -5.040268659625916081e-01 -7.334566836929126143e-01 -8.592926162224618913e-01 -1.080583970842625696e+00 -6.776332136877084578e-01
-8.844391327485436050e-02 -1.728740148745639901e-02 5.511476292677764954e-01 -3.627542919570102553e-01 -5.408676623373077919e-02 -6.120882955161544015e-01 -6.209039456023371928e-01 1.250095963929952203e-01 3.653459919183418281e-01 1.206387128405330827e-01 -2.741017789330733589e-01 -6.552461247975885361e-02 2.689298255032764873e-01 4.337853994411490499e-02 1.284821403332051803e-01 3.168158351247691296e-01
7.496599776222272193e-02 5.229822313746960993e-02 -1.207740692142773298e-01 -6.508556018784157349e-01 -2.274938670599955526e-01 -7.210295637920621781e-01 -6.545563575222715924e-01 2.845946981703796341e-01 -5.168588255287859257e-02 4.245348000610955630e-01 4.606647855600771169e-01 -1.774587375491837038e-01 -1.118393061137996219e-01 -4.102189091745497285e-01 -9.906481675109844731e-02 1.847890586545652969e-02
-9.198432694514302455e-02 1.698127445837613672e-02 -1.814527575375811108e-01 -1.121135098538742936e+00 -1.565118111315420557e-01 -8.834495282226366430e-02 1.357160778212421204e-01 7.250522256304253732e-01 -2.748478354577450766e-02 -3.335778361807965192e-02 3.075519962943877306e-01 2.954738314815864020e-01 1.176547689428568549e-01 -2.799402499163347047e-01 4.362119120092337182e-02 -4.198400409908920605e-01
-6.414187077206448713e-03 -2.354973848748310450e-01 -7.306080959190550672e-01 -1.334523809892791624e+00 -5.993302139430212172e-01 -2.461345842856871302e-01 1.058843444684079843e-01 -6.851261243111646249e-02 -8.422125406098944500e-02 -3.094714128766916095e-01 -1.117239563406394520e+00 -3.927774308178193230e-02 -4.407843090532625463e-01 -4.460685925665254792e-01 -6.070679242038379275e-01 -3.973815777703218477e-01
-7.208845254140282544e-01 -5.399914721248535443e-01 -7.023361307000760556e-01 -9.868500651094449516e-01 -4.321489919285136372e-01 -1.791309951814245016e-01 8.293478295304551606e-02 3.542454590489089311e-02 2.681385210294410237e-01 -2.613159831906879949e-01 -4.396669146657459226e-01 -3.013210897483711292e-01 -8.468677954823959908e-01 -2.578773410564901836e-01 -2.230984158713995302e-01 -3.236336509286563135e-01
-9.430190846598140997e-01 -4.480630720227520847e-01 -8.467037707673574776e-01 -4.037005701589542750e-01 -2.791278894456499238e-01 -2.427858778628582681e-01 5.196205305526827717e-02 -2.521378736174394453e-01 -5.350250369973414966e-01 -4.623283589012640304e-02 -7.785876664614306275e-01 -7.490511671827114748e-01 -8.075393335773096704e-01 -8.255393723973141196e-01 -7.597038956096141549e-02 -2.219740071324178832e-01
-4.520089580917887595e-01 -5.557233746472679536e-01 -3.501749784860885284e-01 -2.870792167259217376e-01 -3.113423665660423612e-01 -4.718058194976731401e-01 7.843977730327965359e-02 -3.716239235304003019e-01 -2.379830054287752628e-01 3.246526719659877380e-01 -3.143097175322678849e-01 -6.617865953225239295e-01 -6.368078060956189335e-01 -9.378420927886915726e-01 -2.629914278215662593e-01 -3.805883699190820146e-01
-5.032893742626116662e-01 -8.475350759040677362e-01 2.161471490430658671e-01 -9.488871860547977433e-02 9.086307637636940882e-02 2.649354927099364931e-01 -3.124933330622689520e-01 -6.453527060138681826e-01 -9.765753137341813828e-01 -7.712726704197458982e-01 -1.065537957560864113e+00 -5.782928324001824771e-01 -5.879925052020600340e-01 -5.632917720393552097e-01 -4.008777426836445668e-01 -4.295007267041775489e-01
-2.783659579533777073e-01 6.435897907018055253e-02 -4.642695662654998667e-01 -1.699028419362153819e-01 -2.185385489404031989e-02 1.447692124013448545e-01 4.679621658506538662e-01 -2.235301302219213360e-01 -1.065738175509277186e+00 -6.602949348761348869e-01 -6.931226868728344037e-01 -9.061886111749907213e-01 -7.826814165432343096e-01 -5.956626119312965345e-02 -5.318183349701574025e-01 -6.174861718727723270e-01
4.920504414507568813e-01 1.447963574514823659e-01 -5.214284424570117538e-02 -2.834749684412354864e-01 -2.194280523136509231e-01 5.945348909980052027e-02 -9.010980410584001898e-01 -1.032009466834377331e+00 -2.977053022510490754e-01 -8.247164654255391136e-01 -1.098357279170211420e+00 -6.911879215426244283e-01 -6.878125891426910554e-01 -3.132485629337936062e-01 -2.179092750835108505e-01 3.196086812319968995e-02
2.481710419209475493e-01 -1.134614780025791775e-01 -4.963672885934904966e-01 1.137790614661920163e-01 -7.254651725232343085e-02 -8.826839863402906605e-01 -4.235989785708094146e-02 -1.702492047142848131e-01 -8.943409602551298798e-01 -4.132753657696614513e-01 -1.785520621105944339e-01 -5.097477531451874988e-01 -6.353975556973336936e-01 -1.317740288477290633e+00 -1.550808501883603197e-01 5.147018664491619377e-01
-5.291178178646821495e-01 3.037930147366295075e-01 -2.691972392053635504e-02 1.580890149586215432e-01 2.367662792542160333e-01 -5.448564232863476464e-01 -1.156441477901415160e+00 -1.141501537154502088e+00 -1.186192960081607684e+00 -1.081303013240218602e+00 -5.586907825339838540e-01 -9.316342112188957802e-02 -1.704849706584060098e-01 -1.341398775339331051e+00 -7.184515595257442433e-01 -6.007805257530850485e-01
1.406853299269965329e-01 7.155705482870058365e-01 3.923237088402454775e-01 -3.125152166101913820e-01 -1.096540364120878852e+00 -4.979584273944404060e-01 -1.259230817699670935e+00 -5.925245890882336885e-01 -1.225788153774591605e+00 -1.533914277805210613e+00 -7.711354274358402927e-01 -8.563060011633384649e-02 -2.388053620917110764e-01 -1.169555837884146854e+00 -8.136094275094769568e-01 -1.274343199221308343e-01
-5.135286463033079674e-01 1.123133294046553682e-01 3.807680198824946460e-01 -5.735387543576133673e-01 -6.863616442672224593e-01 9.412248455646103629e-02 -6.397790100911412425e-01 -6.966008870264464026e-01 -5.687607108661807409e-01 -8.789828028860127151e-01 -4.178845457586037315e-01 -3.564908940654529790e-01 -9.054559442803669089e-01 -8.283242594848559959e-01 -5.501552196921917215e-01 -3.833202479617718872e-01
