-7.525684415334416011e-01 -1.039004075432252927e+00 -5.631526902261878575e-01 -8.901307837558652958e-01 -1.215164533242281131e+00 -8.014528938508236333e-01 -4.280491966864349851e-01 -7.527995103274022215e-01 -8.562846636315331050e-01 -6.850297977391931470e-01 -6.905788498332504632e-01 -8.553455866390601292e-01 -9.894672303781744116e-01 -5.562667061041730587e-01 -9.831536678058708789e-01 -8.133233795934076138e-01
-1.114690576758056606e+00 -1.228580394950710364e+00 -8.824709147450742197e-01 -8.552557666242674994e-01 -1.259777216938222200e+00 -7.145362146863730723e-01 -7.731486513164818053e-01 -1.082645075745837460e+00 -8.648923267077758270e-01 -6.233699355648401053e-01 -6.553563592861599840e-01 -1.024820911556604264e+00 -1.010303914353936738e+00 -4.702382882413869147e-01 -7.528643934418047801e-01 -1.351368309003058821e+00
-1.076221349160068064e+00 -1.241434202017651423e+00 -8.970395052743592723e-01 -1.100197198549530908e+00 -8.682030585252864530e-01 -5.035942363855876458e-01 -5.635569213073329253e-01 -1.065549244736359924e+00 -8.183039689538557093e-01 -5.464126374935835972e-01 -7.752928357950028548e-01 -8.612199039224949226e-01 -9.388723389150707144e-01 -8.921778123248749193e-01 -1.264779947568633656e+00 -1.267056143495522313e+00
-9.290935520042298279e-01 -9.554020479788817299e-01 -7.720154605004304615e-01 -9.322118579750859890e-01 -1.187570810572444291e+00 -6.164481865903251867e-01 -7.985693295001562442e-01 -9.381482913402313661e-01 -8.897146332487732012e-01 -9.340862500916948807e-01 -4.405926687463895819e-01 -8.466034282297238978e-01 -1.302228000448258483e+00 -9.676191108763646520e-01 -8.896629631613144351e-01 -7.305088312934341355e-01
-9.807893760289690954e-01 -6.685188535106554308e-01 -7.269056279347060334e-01 -5.335579678307322826e-01 -8.981313703327009623e-01 -8.186511170965943274e-01 -8.341320879529728893e-01 -7.550078275466961530e-01 -6.731298595006327545e-01 -9.524575611255886587e-01 -7.658687821101450854e-01 -7.381165240973414088e-01 -8.105793091420908647e-01 -1.217484336783497767e+00 -1.064909387957155618e+00 -1.077970177316375677e+00
-7.397249513056198822e-01 -8.632636993271632919e-01 -3.734358111605062813e-01 -7.698584527517963183e-01 -6.102130694253236065e-01 -1.080468935734953284e+00 -1.115649368168750488e+00 -8.548303060389251806e-01 -5.475360053681953554e-01 -8.524554102613334239e-01 -7.222992027299502960e-01 -1.115081559905132247e+00 -8.842981579168591733e-01 -7.569627840238221106e-01 -1.040085556988310733e+00 -8.095795016182385506e-01
-5.688312845633346493e-01 -4.439254398276269997e-01 -3.632406091086016198e-01 -7.879582948971709522e-01 -7.264800120764396407e-01 -1.029570719256308831e+00 -8.456309498581325856e-01 -7.880053132858828580e-01 -8.188218618353875211e-01 -8.026291199270058074e-01 -7.922366790501095268e-01 -7.349790573874940280e-01 -7.966876854290242393e-01 -1.022117565284184293e+00 -8.076527864912466104e-01 -7.948381731160100161e-01
-1.279875791572536725e+00 -6.879481338340643903e-01 -3.552651536779758978e-01 -9.341028197819091217e-01 -9.888288870373261874e-01 -8.981225298415062008e-01 -1.130706610887463937e+00 -1.069529507130569046e+00 -8.030804997456811867e-01 -1.256443252808154609e+00 -9.316342830491542992e-01 -2.346877782459758921e-01 -5.904560915594488923e-01 -6.438123909455409910e-01 -8.716228282974191055e-01 -8.606913156600424220e-01
-9.343740639918938218e-01 -2.581840378560730231e-01 -3.587253398423873030e-01 -1.307408279341682800e+00 -1.405212010778947640e+00 -1.247240669693156834e+00 -1.204562963686486743e+00 -9.667717868685729021e-01 -1.129054208143882132e+00 -8.276035599858807545e-01 -5.116622596100086628e-01 -5.049895550546159573e-01 -6.974735355587362573e-01 -1.074296194247304603e+00 -7.881948229712134601e-01 -1.085781378526120555e+00
-8.396006014520540628e-01 -6.645642081741736096e-01 -5.828934235442302381e-01 -1.040134799745913385e+00 -1.479251179389302173e+00 -1.449836018396857940e+00 -9.423367671700766390e-01 -1.243964516754322736e+00 -1.245840954125676303e+00 -1.180395286207054584e+00 -5.328374962666498904e-01 -4.192039733641013122e-01 -6.826190124443464180e-01 -7.472838007740465471e-01 -9.614587320916313518e-01 -8.466370618108320922e-01
-7.034853259385995816e-01 -8.443991513651544212e-01 -6.393080381359750319e-01 -7.215506969133538284e-01 -1.117860393060903457e+00 -1.238030058158394509e+00 -1.122969581953610296e+00 -1.095599116340384649e+00 -1.105823199426564818e+00 -1.271452665917719216e+00 -7.776047909330495722e-01 -6.727013551765158583e-01 -1.360006803915266627e+00 -1.325011771608064270e+00 -1.502812352945370522e+00 -1.272094464321480878e+00
-7.429533546866046168e-01 -9.609854075113604122e-01 -5.991325802552728286e-01 -9.564995752335706536e-01 -1.012027373047154066e+00 -9.011473027515292111e-01 -8.316222700176824079e-01 -1.218862004694280188e+00 -1.092959453626644484e+00 -1.138336802013627080e+00 -6.206387036195180062e-01 -9.122408940351728335e-01 -1.010396908198204491e+00 -7.333545316010898762e-01 -1.131310997596135959e+00 -1.165448440915631156e+00
-7.650790346023118582e-01 -1.022624534393566043e+00 -9.694136171232721200e-01 -1.015816996602655786e+00 -1.117876030432537915e+00 -1.132190702274479266e+00 -9.141753889186071680e-01 -4.980083013389290936e-01 -1.082864347185575449e+00 -8.989363094557788481e-01 -8.699775959800911673e-01 -6.921359895260940087e-01 -1.077424682526955113e+00 -9.223467642311941050e-01 -1.032006151672352434e+00 -8.033757932407377123e-01
-6.773610247916425076e-01 -7.653813846892028039e-01 -7.162872976175359563e-01 -7.143218827429792528e-01 -1.146990238788672345e+00 -1.121487758131249901e+00 -8.111966574110681671e-01 -5.142390876084443896e-01 -7.957455780182868255e-01 -9.888636766276329704e-01 -7.528896068124282248e-01 -9.752286229845933407e-01 -1.231880828729451149e+00 -1.126277532755441069e+00 -9.710180787210778153e-01 -7.506944298924570491e-01
-5.763307200771354832e-01 -5.982566622667421230e-01 -7.193351860022515476e-01 -5.992282806292884567e-01 -1.114803694557227942e+00 -1.119340407821052930e+00 -1.051181966326414363e+00 -8.767246903097183353e-01 -8.373715866262484431e-01 -8.507668378710234736e-01 -9.264412543464306538e-01 -5.263869408748990120e-01 -1.002741015463578522e+00 -9.567664441177106127e-01 -8.293487588026883239e-01 -6.861235680720981778e-01
-9.766096151486604038e-01 -5.504695131683537968e-01 -5.275792423259885178e-01 -9.423913871395067643e-01 -7.635122939780819573e-01 -6.826574736033240720e-01 -5.233661112469848442e-01 -5.757532922155276234e-01 -2.626360649911490541e-01 -5.692135832523718131e-01 -1.078291023221813028e+00 -7.548596067118382713e-01 -9.001443276977194596e-01 -8.846715049064736158e-01 -7.436266589726092668e-01 -6.503807887778171315e-01
