2.821294522986510955e+00 2.392150740220232219e+00 1.433202981046312496e+00 1.622725720141541705e+00 1.564489536706746398e+00 1.431602561189108780e+00 1.462845985141794314e+00 2.001754020093059694e+00 2.298173737605035960e+00 2.314798785880519461e+00 2.146412490070555901e+00 2.488757958043538832e+00 2.336815679924255207e+00 1.750049387998036554e+00 2.263143772107878871e+00 2.884178438412951628e+00
2.551373542526605753e+00 2.500606852183192341e+00 2.033220257848754819e+00 2.061329814934488969e+00 1.397958687480442164e+00 1.956767780611196272e+00 1.763945454783305777e+00 2.381801795357461060e+00 2.056779332145026729e+00 2.149221712494899350e+00 1.757952167842697921e+00 2.234214517414371493e+00 2.199223472470868579e+00 2.119378600774223464e+00 2.258829138017716787e+00 3.104419036244733032e+00
1.808805228761265704e+00 1.587923465444015303e+00 1.414238382342689615e+00 1.640887039324267827e+00 1.791951560279433364e+00 1.673794018837467590e+00 1.730545538907620973e+00 1.593037258006061885e+00 1.531824302789177805e+00 1.149585726201330038e+00 1.509245500268634022e+00 2.747141207470392033e+00 2.256156160654470444e+00 2.073960367097470225e+00 1.842719576206692800e+00 1.296049781791660305e+00
1.557163310637482923e+00 1.657339931579164150e+00 1.640151830242529973e+00 2.046506588244873637e+00 1.839397151280731224e+00 1.483676817728664332e+00 2.093735728295373022e+00 1.636811825619212346e+00 1.332726995271560133e+00 1.941508909473684152e+00 1.583563324213837387e+00 2.116853379875053953e+00 2.214661500438659392e+00 1.842013481375024631e+00 1.949319759392147189e+00 1.777058396711975075e+00
1.769192672015131862e+00 1.207329269492120050e+00 1.782195147533007562e+00 2.248451570731826443e+00 2.250610538088468449e+00 2.863677249879616582e+00 2.036468585440638357e+00 1.500762343228039697e+00 1.527988166884526544e+00 1.854206442007634958e+00 1.498117542947128067e+00 1.773578898736923426e+00 2.091766803274063946e+00 2.135985214053875758e+00 1.800701250553551125e+00 1.338179539122026585e+00
1.939215035240293705e+00 1.886282968269573646e+00 2.010689798269397421e+00 2.364972053615776559e+00 2.350549366773916571e+00 2.481267538326260347e+00 2.172547757840578964e+00 1.530428006559009457e+00 1.880569758126439117e+00 2.354008406932814879e+00 1.493406695751702040e+00 2.345145399600467417e+00 2.087762594588803200e+00 1.845829068387568439e+00 2.320090316388836893e+00 1.925350430074095565e+00
2.460892456511095450e+00 1.999992001090590499e+00 2.869094120677575965e+00 2.077357546146918033e+00 1.561099586312466148e+00 1.706050715097405357e+00 1.642460142584648120e+00 1.738964733064545909e+00 2.197945434698375333e+00 2.067873954935006697e+00 1.772815343989928794e+00 2.235650311707914728e+00 1.287261816397683445e+00 2.424245018260981155e+00 -3.073900155368414655e+00 2.892266128054536090e+00
-3.110776026336400157e+00 2.058986130039027529e+00 2.219424337315778484e+00 2.633028023916457627e+00 2.103649929847114741e+00 2.176114519729414276e+00 1.571629578932244753e+00 1.457355178166615417e+00 1.948440155197446844e+00 2.211076885456264129e+00 2.032546883296347140e+00 2.229117025884030934e+00 1.615339591149696830e+00 2.667337140177691079e+00 2.024650069919519346e+00 3.089233900173070868e+00
2.730317738574013386e+00 2.053628293813772210e+00 2.099992328020909849e+00 1.982940569952519105e+00 1.901241168861511843e+00 2.738039893604346187e+00 1.577468076553522280e+00 2.184587274531219148e+00 2.599297060895196854e+00 2.167361731198740316e+00 2.151224909339634284e+00 1.674904321390549899e+00 2.423125519414086160e+00 1.776663782405024650e+00 2.715113402259108355e+00 2.672130188285732899e+00
2.494940328679921659e+00 2.689024873791437287e+00 2.063105178388626726e+00 2.135432077923863581e+00 2.266673342451620332e+00 2.624392792818406317e+00 1.572345138195193837e+00 1.037608173280852197e+00 2.304977855301445722e+00 2.310859134334594334e+00 2.391155620783100400e+00 2.028354638957105216e+00 2.304907716131588291e+00 1.828105852506560103e+00 2.143650938550507146e+00 2.472579439189896089e+00
2.060191984670004750e+00 2.660235560235503893e+00 2.430794903240676597e+00 1.949725778783171215e+00 2.229590928629759716e+00 1.938360507952595846e+00 1.834344962007785851e+00 1.472392851506771683e+00 8.479221018032007118e-01 2.149645594233887014e+00 1.940606707660537111e+00 1.276681683058500161e+00 2.314108732674729385e+00 2.673517363168847361e+00 2.587049366315180787e+00 3.007289863472884406e+00
2.334648931400213012e+00 2.822763946012042169e+00 1.683578128557708498e+00 2.454765555567922419e+00 1.955789267531094611e+00 2.578759245839000069e+00 2.077805189304362532e+00 2.414358004733369700e+00 2.291403461344203585e+00 2.211303197445474655e+00 1.812530943684764528e+00 1.492408410953249165e+00 2.095004371784473740e+00 2.234596417663034629e+00 2.596548813881867535e+00 2.490394289870794253e+00
2.356374784102932995e+00 2.431679574748493611e+00 1.962736496904228023e+00 1.879603200027943677e+00 2.002757835036076628e+00 1.029652196032946332e+00 1.588241660495043117e+00 2.071464112313357475e+00 1.556584033285335567e+00 1.682631559367135932e+00 1.776796817485413182e+00 1.516582268824477886e+00 1.847484290153443620e+00 3.049916265858029885e+00 2.971657430155491664e+00 3.118978267128949433e+00
3.115743354926070463e+00 2.716901713069620250e+00 2.205728513841710647e+00 1.625432977385917077e+00 1.890858142201354619e+00 2.019519434261355606e+00 1.964453834508411489e+00 1.532217158495969622e+00 1.603464858712619900e+00 1.963229516199274549e+00 2.163480173782567739e+00 2.113642742913993455e+00 2.633409163451526425e+00 -2.930903631758548844e+00 2.811539777150282582e+00 2.523338595930762818e+00
2.984514953955866190e+00 2.341539621473004207e+00 1.960325745085759408e+00 1.780013514799548391e+00 1.575228794492733897e+00 1.731167938929412120e+00 1.323901436096143636e+00 2.031156106174353493e+00 2.481102289679708139e+00 1.807417514215155840e+00 2.557071549698303414e+00 2.043570913634325414e+00 2.668057872055651814e+00 2.862157429740832093e+00 3.018201389583284655e+00 -3.072347735946931113e+00
2.662211534508791111e+00 2.255639491445332379e+00 1.511775896190613366e+00 1.891274663548791368e+00 1.735556097675429399e+00 1.566562640096974102e+00 1.799541569833425170e+00 1.838599096266503530e+00 2.644512537399346108e+00 2.737619979465697906e+00 2.641177716185686641e+00 1.780115377566575896e+00 1.490641717911978192e+00 2.311384747211575164e+00 2.819073007124718533e+00 -3.027445120057115968e+00
