-2.195674849804235329e+00 -9.408278257563342795e-01 -1.015643656036412379e+00 -7.662611967548946801e-01 -9.770205565440484019e-01 -2.939910101705877077e-01 -7.727699195161071843e-01 -3.716617683298064634e-01 -5.266034652252105097e-01 4.985586085736786743e-01 3.995234782212568336e-01 1.539608600799004523e-01 1.841981119857961924e-01 -1.396195981737061276e+00 -1.495013122589547550e+00 -2.095156675981140193e+00
-8.138160378768058978e-01 2.983350768380543805e-01 -1.015995045176345757e+00 -1.157229199211744719e+00 -1.526977454429466752e+00 -7.810628583714435136e-01 -1.391297438987304735e+00 -1.618335143130489984e+00 -8.948583657057784801e-01 -1.262001519300616659e+00 -5.846379865929087760e-01 -5.827183630561918459e-01 -1.783378873383380525e-01 -8.512991461123446957e-01 -1.407027967939230351e+00 -1.649700812225436408e+00
-2.307762393347975394e+00 -4.908558691071662761e-01 -8.334137473919164263e-01 -6.573671419072013578e-01 -1.716281705442289640e+00 -2.013103216455955469e+00 -1.375392113276102224e+00 -1.171401504782533687e+00 -1.618740950317300920e+00 -1.500099603085067956e+00 -9.281500500004911114e-01 -8.298063876068308975e-01 5.863373846790250615e-02 -1.028823217413304514e+00 7.543778670428535893e-01 -8.498724239372877909e-01
-1.249387638776829901e+00 -1.532260945173768318e+00 -1.056298728386085850e+00 -5.026360658167079443e-01 -1.342226012110734557e+00 -1.791193877914190713e+00 -1.178042044327044957e+00 -1.061306051893238900e+00 -8.860643266859213885e-01 -1.110850504307861142e+00 -1.223323654734224331e+00 -1.201659082620447183e+00 -1.302807737767407215e+00 -1.085335849608845438e+00 -1.286295725647210730e+00 -6.200944563906192197e-01
-7.424588896487560596e-01 -1.675665573203384939e+00 -1.727997312929722806e+00 -1.471418108685896398e+00 -1.262295947622346315e+00 -1.759374405909889250e+00 -2.872930955930531605e-01 -1.476422481989394075e+00 -4.944645064692577974e-02 2.515050623243379468e-01 7.084267813383283707e-01 -3.135339452208977806e-01 -1.346230059886540098e-01 -9.621015564303535550e-01 -1.345862581604451602e+00 -1.346610273419182713e+00
-1.566546347352428148e+00 -1.270426365274653246e+00 -1.559186737261781364e+00 -2.288978933561951479e+00 -2.476777523219023003e+00 -2.410641299212599731e-01 -7.073044939457956426e-01 -9.247902398974716665e-01 -1.721626620659049423e-01 -6.374106694972068651e-03 1.375644611949573826e-01 -1.232132824782731229e+00 -2.294444144765533267e+00 -1.348757404603918575e+00 -2.231718073495425170e+00 -2.081867877461485605e+00
-9.648824491512562052e-01 -2.913968210288711891e+00 -1.627095660470469385e+00 -5.138933078650251840e-01 1.251357982433058957e+00 8.317999221268006504e-01 -1.941705349930575419e+00 -3.245755838648053393e-01 -7.438834061766653738e-01 3.344444176031337035e-01 -1.380410752950757824e-01 -3.915166511180305786e-01 -1.062579813983197452e+00 -2.591434677803604036e-01 -1.371689035432227977e+00 -1.518026219546183109e+00
-1.268862632220886022e+00 -5.040001220526910686e-01 -2.086734368385546379e+00 -2.117179986587859108e+00 2.530520995761529779e+00 -2.006240258971865753e+00 -2.547574143625478182e+00 -1.855339437013224790e+00 -2.553644103178327462e+00 -2.365363609497525554e-01 -3.357019429509833230e-01 -6.113572981437007670e-01 -6.288711893280495291e-01 -1.688630131382528321e-01 -1.440880540380865327e+00 -1.249878005475815623e+00
-8.462145095262532113e-01 -8.321094055239066645e-01 -8.578186300096583006e-01 -2.528658125356666453e+00 2.955912795892658984e+00 -1.386389432033995783e+00 -1.723779929315460313e+00 -2.968895749029030195e+00 -2.910507731050776759e+00 1.241855330860061501e+00 7.154264229615634463e-01 -4.507483222894005936e-01 -1.139284251866441222e+00 -3.196034281734090876e-01 -7.441080027404924913e-01 -5.951323212445474020e-01
-2.037998897441667678e-01 -3.492139325678290662e-01 -1.489110264337795586e+00 -2.670997666313604579e+00 -2.097212047412716718e+00 -6.315912100885978653e-01 -1.257334043216642883e+00 2.950965320517434876e+00 2.715388253824972953e+00 1.366652883883116898e+00 2.312549708150653527e-01 -1.922334335119640247e+00 -8.049290251268150787e-01 -1.566173455747498222e+00 -8.933274213935905594e-01 -8.610939058103178612e-01
-2.960165599248947843e-01 -8.563238538309955183e-01 -8.638364336322076342e-01 2.755222830404181700e+00 -2.202892861803524394e+00 -2.250784176516916535e+00 -2.053417614851694939e+00 -2.255293284573552715e+00 2.923396621402428508e+00 1.852350517641552452e+00 1.289304971220383678e+00 2.502680242738848815e+00 -1.881224821721192431e+00 -1.640272913792653942e+00 -1.233726626916110680e+00 -5.315043037744413557e-01
-1.497239645483463777e+00 7.349425761481166441e-01 -1.168268474142582614e+00 -1.984354620486585841e+00 -1.989377381847001081e+00 -2.746265578164238663e-01 -2.021976921131545257e+00 -1.183762387737606003e+00 -1.246566171497336617e+00 -1.420470053546876166e+00 3.065009934794646451e+00 -4.705470245648836892e-04 -3.854922264500552642e-01 -9.339635084046358227e-01 -9.191735562306473373e-01 -2.513650641374675310e+00
-2.600086185484647427e-01 -5.508197154477052493e-01 -5.278154461729196445e-01 -1.232338575461357388e+00 -1.381733138123987903e+00 -7.770289120895306212e-01 -1.021388247902616842e+00 -1.110391091893679461e+00 -1.471790368654197767e+00 -9.185581971221338238e-01 -1.889103370181614006e+00 -2.327605586449389641e+00 -1.363579766901722723e-01 -7.768312658352404254e-01 -1.632898356572285881e+00 -1.165706116754658517e+00
-7.649250712271152830e-01 3.832110953362840022e-01 -7.889661126712425865e-02 -1.119889931884016532e+00 -7.767815616659989875e-01 -6.662796624124398548e-01 -8.056481975886293778e-01 -1.449119983070743745e+00 -8.754898003835883680e-01 -1.419989069197571174e+00 -8.348969213746071372e-01 -1.254497360433113107e+00 -7.202673292949838268e-01 -9.925176464688972855e-01 -1.370908309160231875e+00 -1.067439427658179563e+00
-6.193719982028584869e-01 -1.336023244424111300e-01 -1.705251665052951227e+00 -8.457638055948206723e-01 -7.477392856668082510e-01 -1.124513854452729111e+00 -1.140381059312094991e-01 -6.679060325548809018e-01 -1.375842390634605561e+00 -1.187431811110360558e+00 -7.234329199374226471e-01 -1.143223101022219135e+00 -1.928129255863650027e+00 -2.537137754348973928e+00 -2.670996892024402491e+00 -2.311597624735024059e+00
-1.188556764016894585e+00 -4.870463691721386157e-01 -1.293835116284415276e+00 -1.347121462899968591e+00 -1.052137159457535054e+00 -4.969783808900554156e-01 -9.490153702555829129e-01 -9.389609320150673621e-01 -6.727995131137791684e-01 4.208866976472789845e-01 5.650371413913740648e-01 -1.997091714889252523e-01 -8.652006928558757526e-01 -8.110417534074793044e-01 -1.273010000405377484e+00 -1.984212000216259986e+00
