-2.663479582126993428e+00 -3.067103907888414138e+00 -1.553867436743338049e+00 -1.330137359353490423e+00 -2.410501163409246583e+00 -3.050467436380934760e+00 -2.444824171820049408e+00 -2.848983433032081347e+00 -9.852135485132599291e-01 -1.633998607572408224e+00 -2.343546625988657706e+00 -2.424902235818763518e+00 -1.601441352338015767e+00 -2.749386493597226533e+00 -1.896994113114123026e+00 -2.124903645224716531e+00
-1.666360730667529877e+00 -1.192947994117151911e+00 -2.439328989546411641e+00 -2.211221044350819120e+00 -2.479764692583323882e+00 -2.222261608244844755e+00 -2.367619800847490907e+00 -2.477443928626392733e+00 -2.465421758357953408e+00 -2.530390515846700161e+00 -2.149110589997107912e+00 -8.965757838493664256e-01 -1.449930871306920999e+00 -1.610199199062744446e+00 -1.726637604718795016e+00 -1.753507042252310910e+00
-1.512596486695170439e+00 -1.778147351669121523e+00 -1.875624920631820292e+00 -1.469338396721214579e+00 -1.170664666063129244e+00 -1.816846428161498883e+00 -2.631156897223417168e+00 -2.339428214504394976e+00 -1.320744154463419306e+00 -1.150105941224327077e+00 -7.187965338743297350e-01 -1.905001911641312384e+00 -2.921313450974615478e+00 -1.888238199321592647e+00 -1.489976320405845822e+00 -1.901400439534532527e+00
-1.242057694114581112e+00 -2.069145833123169353e+00 -1.860763618070560899e+00 -1.613076489394543289e+00 -2.217902531523071818e+00 -2.712552196987765285e+00 -2.781311451638053267e+00 -2.157600685452292222e+00 -1.704298028977218493e+00 -1.850966373059934833e+00 -1.579163256261107762e+00 -5.769566600611139018e-01 -4.986257652454618716e-01 -1.578053765006724340e+00 -1.454820170177590688e+00 -9.547428929646551987e-01
-1.358653428966603904e+00 -1.492470876161320570e+00 -1.441036817866156561e+00 -1.901582681810612740e+00 -2.443609344572956754e+00 3.048879308429804258e+00 -3.017985489574513736e+00 2.324392966168684627e+00 -2.197206836309985256e+00 -2.385148941272987155e+00 -2.384123096202538594e+00 -1.942566912062094309e+00 -1.947424546401856471e+00 -1.530122781281141320e+00 -1.671570647322510483e+00 -1.912916406758921717e+00
-2.014996405911037236e+00 -1.469318832294321808e+00 -1.696252945984794147e+00 -2.167624517801971074e+00 -2.358776272467186352e+00 2.416782586091762219e+00 2.028465238213443822e+00 -2.603444805557938668e+00 -2.155603540887414127e+00 3.120697460707424042e+00 -2.562844386436659239e+00 -2.278987619280855359e+00 -2.222560228936138582e+00 -1.906905419361560661e+00 -1.850375297308982647e+00 -2.142212027382006667e+00
-1.171528947652148211e+00 -2.181330115450567764e+00 -1.877110480015856231e+00 -2.658897799030423670e+00 3.065488751352209995e+00 2.791996355473503222e+00 2.361166051084866879e+00 -2.998106652448048415e+00 -2.859979942850916057e+00 -2.361563855079300556e+00 -2.835227775067971301e+00 -2.785323775544539249e+00 -1.788923175838764923e+00 -1.317668189187925831e+00 -2.525935719894825571e+00 -1.966420081735686498e+00
-7.961308280214048905e-01 -2.102603400034014580e+00 -1.940886507123686489e+00 -2.520938566734689523e+00 -2.438991447804440327e+00 -2.991284861495011604e+00 2.986012700553798194e+00 2.844377209109359317e+00 2.638705119280527978e+00 2.280211758304738101e+00 -2.867494472269776384e+00 -2.592243196057612664e+00 -2.399510288460691143e+00 -2.466345510513529238e+00 -2.335934515554407565e+00 -1.671413758543429662e+00
-2.126081063939877058e+00 -2.152712870271623391e+00 -1.887496375539642557e+00 -2.285550827961101206e+00 -1.687077585358231380e+00 -2.280397258137283778e+00 -2.626129359103451133e+00 -2.518126310298076209e+00 2.890001387010679768e+00 -2.433184781252443418e+00 -2.115621919083067848e+00 -2.713058926842251140e+00 -2.395492823358902790e+00 -1.031622799509055000e+00 -1.629253517503785664e+00 -1.174025308112107036e+00
-2.331038695597463128e+00 -2.404877000469194392e+00 -2.035986910536267125e+00 2.877288596681101929e+00 2.719056368585598626e+00 -2.357816445403042582e+00 -2.698569442642418270e+00 -2.349993768483710888e+00 -3.001838529125197219e+00 -1.971190967605368272e+00 -2.041462443927752446e+00 -2.963363797808413302e+00 -3.040447995231930545e+00 -1.480406963726395020e+00 -1.279516436402476698e+00 -7.033201745374114688e-01
-1.976021837325934616e+00 -2.400408258807855244e+00 -1.997843392801708973e+00 -2.119538346687414254e+00 -1.347470340347759699e+00 -1.854334315149394730e+00 -2.692309204025883584e+00 -2.250834100974890006e+00 -1.847017093908386309e+00 -1.747982689465454209e+00 -1.791080815917542868e+00 -1.595324795473159307e+00 -1.912781989852493147e+00 -1.528832010131647490e+00 -1.449833711982118523e+00 -1.542824075138783835e+00
-2.535100366710766551e+00 -2.216363203397746950e+00 -2.183957344645572896e+00 -2.049434055304038438e+00 -2.185241060703952076e+00 3.060892046923699095e+00 -2.261176098765177667e+00 -2.675073385954475302e+00 -2.329481513576458607e+00 -2.025431691341639695e+00 -2.439950437609813783e+00 -2.406179404536872735e+00 -1.542053601011996955e+00 -8.372265411648716071e-01 -6.682596230142899829e-01 -1.139904779358099862e+00
-2.842065625182651711e+00 -1.814802872687211854e+00 -1.831219399736838893e+00 -2.702843486453315514e+00 -2.056621986555784432e+00 -2.199051553307212803e+00 -2.343034386676546177e+00 -1.721936144753229536e+00 -2.249346661884639609e+00 -2.441324034816662714e+00 -1.721561995670117584e+00 -2.298954737724430597e+00 -1.574456098772919477e+00 -1.664452424861347701e+00 -1.092484464087599250e+00 -1.398962835962428208e+00
-2.206610489290310451e+00 -2.714770440027799658e+00 -2.766273474478662120e+00 3.015607551744464043e+00 2.960864267492611113e+00 -1.582828782103802068e+00 -2.265609810686320724e+00 -1.044846982217230602e+00 -2.345436306240626489e+00 -2.137798316425449041e+00 -3.103081315087715897e+00 -1.965881707061011507e+00 -2.267535423889158075e+00 -1.098773847107012980e+00 -2.258225905442484027e+00 -1.659369201554430795e+00
-1.739281346775157999e+00 -2.704809741740187512e+00 -2.546020353480988430e+00 -2.633853837490836014e+00 -1.804862734819820513e+00 -1.917355167177832165e+00 -1.235191179454667054e+00 -1.609244280660965920e+00 -2.283242866904790613e+00 -1.666875514904608169e+00 -1.743640248597881692e+00 -2.013178783425150886e+00 -1.898627937205720873e+00 -1.304999427874665052e+00 -1.777618717212734900e+00 -1.165491637159693505e+00
-3.106202957389870623e+00 -2.403446797335663465e+00 -2.201187472931402489e+00 -2.492845816441871865e+00 -2.278586760286743562e+00 -2.076221133548219466e+00 -2.698940265768463576e+00 -2.494618775119880283e+00 -2.005641690761703178e+00 -1.742119421056220085e+00 -1.469390244011644864e+00 -1.513140590879461511e+00 7.709234019456237541e-02 -1.339568485065427028e+00 -1.370685924524655874e+00 -2.597617694205602845e+00
