-2.506930208334324561e+00 -2.137831270981816800e+00 -1.389674596477036062e+00 -2.367511998838343068e+00 -2.542435175292094840e+00 -1.683596496801708975e+00 1.208810387065523351e+00 1.671944605556111352e+00 1.450309186071230272e+00 4.065662107874686848e-01 -1.615827480818843032e-01 -3.783691048934635370e-01 -1.546050168771142097e+00 -9.635267750592714231e-01 3.035120243127607864e+00 -1.490685726051434790e+00
-2.476662664553799686e+00 -1.676685587545210243e+00 -2.356331860688342328e+00 3.061805121721300704e+00 -1.982961056183841109e+00 -1.797306333720444016e+00 2.436351518479169975e+00 2.803460830975278650e+00 -2.454770144545000754e+00 5.317208342072987648e-01 7.439918347299165902e-01 3.494434512626586886e-01 -2.301598835052316883e+00 -1.959664166378517702e+00 -2.746215058297931666e+00 -2.201011800505173088e+00
2.110370342438825819e+00 -1.186121201170572265e-01 -1.262127340699490841e+00 -2.403229937853070375e+00 -3.052518298406481367e+00 -1.903358537395833938e+00 -2.436279454913359288e+00 2.387926819842410175e+00 7.932997132475645696e-02 3.553026442260872608e-01 -9.158868502512405863e-02 9.132227511705044432e-01 1.334317953127833967e+00 -1.960564765898765716e-01 1.319299675641938174e+00 1.654092104979060007e+00
6.238026006167907145e-01 1.572426050346416249e+00 4.925610527060933497e-01 -6.770688032472877982e-01 -2.431758457129732598e+00 2.486447115378516592e+00 2.094511984439185959e+00 6.502085793952748771e-01 1.735628410846639380e-01 2.740846818379632510e-01 -5.971812075272262543e-01 6.235934744656879136e-01 9.988646316028261252e-01 -5.592097534548808868e-01 1.082470240352161994e+00 2.714416835537986294e+00
5.801810126524732381e-01 4.836079207252382273e-01 -2.199526491642805615e-01 8.347750034726856283e-01 1.923779692243587469e+00 1.190834646582685785e+00 5.029016827135082135e-01 1.145771899161365015e+00 -6.152359093086019470e-01 2.004334160378706819e-01 -3.306878997070572535e-01 5.889179213873008134e-01 8.343925646936853902e-01 -3.550340322925700787e-01 2.228772849475089968e-01 7.755541862593816616e-01
-3.582396655054845835e-01 -1.108282595991319841e+00 1.444747116397972903e-02 -7.366454985285209034e-01 -2.600033299203642567e+00 1.517700351550294036e+00 5.812949446637920570e-01 9.295906991227765870e-01 -3.831847985554913683e-01 1.886517440688852479e-02 1.392610023180635759e+00 8.871227514605329878e-01 1.369599419376721583e+00 6.042303256515725307e-01 -2.885860411500021927e-01 -5.511167789264771466e-01
-1.606078284968162517e+00 -2.848501301327840407e-01 -6.877707583244349054e-01 8.234966522787215970e-01 2.943569043988417011e+00 1.677322543629433005e+00 1.844900580559657222e+00 7.376429259991576330e-03 2.421945186784748572e+00 1.308315812900019637e+00 1.891939177196830135e+00 1.411357217752315707e+00 1.120575286236342283e+00 -5.223550369507449220e-01 -1.845562755998948035e+00 -1.902096034294984417e+00
-1.812823675048276684e+00 -1.478941512196252139e+00 -2.215749524275053339e+00 -2.510068326573235975e+00 -2.970913132005470469e+00 1.046688210089852245e+00 1.132164958029363344e+00 1.593450433250091391e+00 2.006722226664278352e+00 2.649195149889168821e+00 1.699181359746304798e+00 1.372052102556687636e+00 2.535108084342257762e+00 1.675294472228914922e+00 1.455355400687226020e+00 -2.033989589505854401e+00
-2.886731965630017882e+00 -1.734509215575177343e+00 -1.643892614407812536e+00 1.897008446641200718e+00 1.974251708976233033e+00 9.261642457417770258e-01 1.711416121463832818e+00 1.642036695846813110e+00 2.901106038411175092e+00 -1.323213091123546903e+00 2.764495589280908661e+00 -3.071286096673071508e+00 2.551911019661706526e+00 1.490518417805838380e+00 2.819845594981969406e+00 -2.036149287615030889e+00
-1.726936080553048036e+00 -1.469526631105602998e+00 -2.227664963746173399e+00 -1.869478957236415884e+00 5.120908497677459925e-01 -7.718068096427166402e-02 -2.777707984485139558e+00 1.898885493386576417e+00 -1.984590431875785876e+00 -1.831511017411008080e+00 2.535542648839556268e+00 -1.347656207100234260e+00 -2.470969450442323190e+00 -2.586396347519162919e+00 -2.516060271155213357e+00 7.788324100733161337e-02
-2.176299193339199078e+00 -2.075605714138204494e+00 -1.338126921518148382e+00 9.110561492592835764e-01 1.163104283789740734e+00 2.298703495076196202e+00 2.218282320277920938e+00 2.431851279688541645e+00 -1.143720795619268538e+00 -1.351285363064538281e+00 -2.862572014756566752e+00 -1.832678931008874912e+00 -1.929327113238591407e+00 -1.435365315358631877e+00 -2.053810890174721404e+00 -1.113168354160215090e+00
-1.376756353564502655e+00 -9.298428427277979358e-01 -1.079982923188760546e+00 2.368582738249895847e+00 1.595852148415376481e+00 1.607955104880053332e+00 1.670633790840182487e+00 2.001205610369980015e+00 2.930873119418075490e+00 3.085864584319577109e+00 -1.075942828612143298e+00 -6.975712807427028039e-01 -8.514836203724031050e-01 -1.348209709328261674e+00 -1.753402018760282233e-01 -7.219515534875364793e-01
-2.179569972914525700e+00 -1.310139103338646249e+00 -2.133637269851786478e+00 2.993321457448124612e+00 1.786777333018284564e+00 1.837364950449538847e+00 1.144983639138907217e+00 2.537997960397649688e+00 2.549584369693489894e+00 2.746510596407090610e+00 1.462296735552786608e-01 -4.263035269375899938e-01 5.381525864324133712e-01 4.224127727617651984e-01 -3.420690622141325243e-01 -1.630677663757051921e+00
-2.253429254040405727e+00 -2.351943273495849862e+00 -6.100588198857861411e-01 -3.742878163969455274e-01 1.405329224464751503e+00 -3.074116372746692194e-02 -5.218810764112279815e-02 4.992518065758764223e-01 1.655509644694480365e+00 2.808539753998758659e+00 -9.251583140490838852e-01 -1.021567392365213822e-01 -5.425655978599591700e-01 2.257955051741317165e-01 -2.358190021814986562e-02 -8.785113325340893065e-01
-8.199846806854552694e-01 -3.158598758025776831e-01 -6.819446626740761630e-01 -1.245229055828972253e+00 2.895908771999877729e-01 1.473897522635601032e+00 8.376004859481195330e-01 -2.083851249356457380e+00 2.305282950481839954e+00 1.503410528061222440e+00 1.151001863743875919e+00 -4.602914386899173982e-01 -6.261175428214997216e-03 6.606277519980922885e-02 6.406415194655775691e-01 -6.265183963279580270e-01
-5.193635662768910644e-01 -1.209527560768480559e+00 -1.230625393778586263e+00 -1.644749748548168355e+00 5.370790991316506391e-01 1.414121877685678541e+00 1.084828700394198320e+00 3.799255812088798978e-02 2.112198957297517055e+00 2.540016686852375027e+00 6.804988930706649120e-01 -1.096358871874671959e+00 -1.217292351974553544e+00 -2.329639237325508816e+00 -6.695159912413104486e-01 -5.613771171221519918e-01
