-2.502671701179823405e+00 -3.087052311647479286e+00 2.168232627352995934e+00 -2.916954604668123618e+00 2.991379746253729266e+00 -1.789003095049724212e+00 -1.779496505461448663e+00 -1.422895578588878607e+00 -1.551098729557834899e-01 -1.038491098791765266e+00 -2.353388894890872940e-01 -2.984535580306027391e+00 -2.673948460736822685e+00 2.910816808659514532e+00 -3.092145137685046397e+00 -2.342440185781822226e+00
2.348022134485836965e+00 -3.054384274159009482e+00 2.022857851414141095e+00 -2.990441873430318864e+00 -2.343328819831326904e+00 -1.547992886762126874e+00 -1.815597937721506794e+00 -1.778095821456909809e+00 2.074906363243346430e+00 7.455038168061322024e-01 -4.420230522049670707e-01 -3.099234447836460404e+00 2.729526748508138034e+00 -2.752692707622296009e+00 -1.843856517936178330e+00 2.506389494089081627e+00
-1.641092957427326304e+00 -2.463035670612578443e+00 2.180644999385433103e+00 3.134605011424259846e+00 -2.290591515571014369e+00 -1.674212324008742092e+00 -6.699634566445241690e-01 -2.426107643921536550e+00 -2.620227830495477139e+00 1.238027998779634542e+00 -9.249164094424059401e-01 -1.022053275531845440e+00 2.676467183074184852e+00 -2.198317198240078874e+00 -2.677985283505558645e+00 -2.920158665683865618e+00
2.988267950990685762e+00 -2.359634965842910770e+00 2.374506836732312109e+00 -1.262910162611112108e+00 -1.340713502349159647e+00 -4.046413178856849147e-01 -1.764744545330632963e+00 -1.504559633786594297e+00 2.963415066764945038e+00 1.136882819752745188e+00 1.534376589850917350e-01 1.372780118113335335e-01 3.117802930416995633e+00 -1.416877165855021881e+00 -7.563399268932978758e-01 -2.726577189321823802e+00
-3.020541236827472442e+00 -8.926754016900205757e-01 -2.010983941349463233e+00 -2.787497175360685642e+00 -1.881835887341013702e+00 -2.099573080226543098e+00 -2.059890051512319076e+00 -2.487283175864734019e+00 -1.823957596597200137e+00 -7.220578063060175689e-01 2.188790716982114137e+00 -3.270294475122549893e-01 -1.482645787686847960e+00 -2.372664156709242800e+00 -1.781973308247222221e+00 -1.977571199880235664e+00
-1.787660469323471668e+00 -1.171161376654187514e+00 -1.894279279688556139e+00 -1.945929180387920843e+00 -2.263620203611780735e+00 -2.464254381090792201e+00 -1.640366257351770551e+00 -1.652797307690263340e+00 -1.658404338750109952e+00 1.434167340953716563e+00 1.223527973613047992e+00 -1.809316062972835093e+00 -1.765728364729517663e+00 -2.271364843325074379e+00 -1.405478483533230571e+00 -1.965466010150537235e+00
-8.991294985825797337e-01 -4.636444397918914051e-01 -1.104221209651859326e+00 -6.780183160788297858e-01 -1.560538058874383571e+00 -2.682342919163643202e+00 -1.386623268530513098e+00 -2.092070193004529621e-01 -4.407241114963312834e-01 1.622273796860716155e+00 1.796516408588444191e+00 -3.137330283176857026e+00 3.116240805846140383e+00 -3.019094719506782987e+00 -1.062436768547162513e+00 -1.307114399326065657e+00
9.026802603828363303e-01 1.032860031689386116e+00 2.136890910365043084e+00 8.850700574933835219e-01 -3.053624600852237858e+00 -3.105925862948804905e+00 -3.105941238004817251e+00 -1.814651058254786342e+00 1.537289300897662470e+00 1.335772129467728053e+00 1.689321486526406346e+00 -2.750263858332257616e+00 -1.439947211978237940e+00 -9.089398649541090558e-01 2.680803866717601736e+00 6.744427754546821197e-01
4.983850787874307686e-01 1.256818202658037231e+00 2.311936377599872472e+00 2.667647312787069680e+00 1.947836785696952955e+00 3.006046424868868083e+00 -2.386395300022775334e+00 -1.627473953809786211e+00 3.025983825397962068e+00 2.016932021694935351e+00 2.372665697942089036e+00 2.407396147036991785e+00 -2.203207653062038585e+00 -1.026778409432550054e+00 -2.921045871087132983e+00 1.389208489247218070e+00
1.530347397829692424e+00 2.457260711789140295e+00 2.493656618429824334e+00 -1.999792486427503180e+00 1.383799074337714874e+00 1.358352865178369617e+00 -2.665793626507173997e+00 -1.636538332002353879e+00 -2.573529605881080595e+00 -2.807138771709547509e+00 9.897269259875974834e-01 -3.019434400056609125e+00 -1.312750967265231772e+00 -2.715988494733970526e+00 -2.257812340979239440e+00 1.576908206090250619e+00
9.163654478187335251e-01 1.897122784658301864e+00 -2.765541317589759629e+00 -1.365557901859467904e+00 -2.682046104171960543e+00 -2.629236297387032906e+00 2.885755596911858678e+00 2.253427763192773714e+00 2.896993417126460635e+00 -3.099677343761999104e+00 -2.717836317678806068e+00 -2.520684950946813885e+00 -1.603305881843435143e+00 -2.097982280180988646e+00 -3.123847536703404426e+00 1.558268264378220413e+00
7.922970524616078647e-01 1.329114764768993595e+00 -2.237443018996214228e+00 -1.384620425913840158e+00 2.773899785947639529e+00 2.571192619700598758e+00 2.225675374175419829e+00 1.410691443162558789e+00 -2.901767820398907016e+00 2.229310054733593116e+00 8.426719178405899235e-01 2.015486261002789714e+00 -1.938047324144839934e+00 -2.104818548329016270e+00 8.929255155542001887e-01 2.208165997954040449e+00
-8.423472563955347603e-01 -1.279982796267830736e+00 -2.069433884687323033e+00 2.500679796414019496e+00 2.263103505726103304e+00 2.871627784243913073e+00 2.869853729274550069e+00 2.615584348577836504e+00 2.916493613394057771e+00 1.307960876815247753e+00 8.489680834914755669e-01 3.133150896247195671e+00 3.127719673265787481e+00 -1.454334251941558076e+00 -1.209226133818704252e+00 -2.461485294239424970e+00
1.862654843499902846e+00 1.776575009936396610e+00 2.249994821310731030e+00 1.166854517605767416e+00 3.002875765511642925e+00 1.127922042555113080e+00 -2.486291007618698590e+00 -1.805453866288897480e+00 2.466943074695639559e+00 7.557535818448349874e-01 1.082176463566545177e+00 -2.597993294805158282e+00 -3.035769493782145556e+00 -2.726083771439594905e+00 1.789915724535455846e-02 1.587130305780387607e+00
1.827037983692299195e+00 9.364720571741725896e-01 1.850473505425232812e+00 2.927644740760791731e+00 -2.462301861258583635e+00 -1.090919635734222348e+00 -8.693826166519961207e-01 -2.132175896135930060e+00 -6.187763986410416139e-01 -1.492778481161488591e+00 -2.539069334387337840e+00 -1.976552383354085229e+00 -1.904189117922573837e+00 1.839098332856846429e+00 2.243794625635386897e+00 2.173330855488229130e+00
1.895326825667910109e+00 -2.848281340634996273e+00 -2.262147965193048726e+00 -2.083831879133705378e+00 2.896929931301886807e+00 2.407008621127256554e+00 -1.686272833085294687e-01 -1.911398067771988840e+00 -1.643579791218048980e+00 -1.108081050004301460e+00 -2.449712281377428580e-01 -2.053499258080121681e+00 -1.064737054916124359e+00 1.903736399696490889e+00 -2.521306778526779091e+00 2.892385539742368561e+00
