4.113787435872710563e-01 2.995419340879379000e+00 1.482998929803609034e+00 -9.568229819655895696e-01 -1.183152917156443662e+00 -4.728197164439259526e-01 -9.196683751573379029e-01 -2.332659880112647688e+00 -1.545032980998369387e+00 -8.157627671627178945e-01 -2.732690878334392171e+00 2.728394546704779433e+00 2.967254094479389703e+00 -2.177603198763025549e+00 -2.357439164528468911e+00 -2.283428011519839096e-02
8.076418266638156762e-01 1.988061692655262336e+00 5.273148888613149454e-01 -7.134375023226845469e-01 -3.038441359982719248e-01 -1.682805691877578225e+00 -2.313655385583157198e+00 -2.830034489846319001e+00 -1.712723263778346494e+00 -1.282656252880751913e+00 -1.864628005576555614e+00 3.066877942160346038e+00 1.447226061337940184e+00 -2.107125371258794733e+00 -2.810904042139083181e+00 1.573553358935097624e+00
-7.182445066325456873e-01 6.125395542776349567e-01 2.558908336674919348e-01 -1.591443755014632755e+00 -2.189894375600547338e+00 -3.922202641823596125e-01 1.430900659868649338e+00 -2.094937217884204284e+00 -2.261940253707260595e+00 -8.089376522485883791e-01 -1.943037433180667684e-01 1.040049972217554214e-01 1.295492758116258747e+00 8.581985239982332647e-01 -1.065735184258149587e-01 -1.725401678302137309e+00
-2.288616547348679475e+00 9.112877390445932591e-01 -3.799879827979677632e-02 2.905717420026297404e+00 1.521348839439439660e+00 9.620788197212896964e-02 6.941710280806493438e-01 -1.036901453667460338e+00 -2.697750046133867707e-01 -7.278596891504479638e-01 1.179387210964715216e+00 -1.651030691130607631e+00 -2.296545273942759202e+00 -8.982236310292296411e-01 3.920909326698456265e-01 -7.133993370833138781e-02
1.660764927609049632e-02 -1.283695493859244273e-02 -3.385234309540850473e-01 -2.713563900254887695e+00 1.389945350000675095e+00 -6.928046559852701902e-02 1.482243664110909354e+00 2.851788730939168737e+00 -1.595240550208827601e+00 -1.699727133966975057e+00 -3.422493993048631999e-01 -8.132946297264217472e-01 -1.974172367375512271e+00 -1.506032641303826525e+00 -3.416308422761318853e-01 2.411070828311284164e-01
1.034519845872048510e-01 -2.389117336219314658e-01 -1.056682028189649181e+00 -1.484220324702446359e+00 -4.213862832226943911e-01 -9.761695362173955504e-01 9.517240020077274432e-01 6.497226353419747191e-01 -3.980431209620556299e-01 2.282381888658385094e+00 2.179316849238770448e+00 1.228554104273460457e+00 -2.991460541948028240e+00 -1.447040964374251670e+00 -2.394474314579392082e+00 -1.125343145544865253e+00
-1.335385549614201084e+00 -1.627664887178663422e+00 -1.158073853422602051e+00 -1.035168962780095514e+00 -7.787751346841244038e-01 1.220761763801766903e-01 8.398116190014276450e-01 4.229793605569109882e-01 -1.524479290593847791e+00 3.637669612812411413e-01 -1.420901878608176738e-01 -2.058824009559335977e+00 -1.833917238990376175e+00 -1.597081093661914641e+00 -2.259657550578071383e+00 -2.250994212353867319e+00
9.306514693872701416e-02 -6.249120250298310086e-01 -1.094741133766675034e+00 -1.651974350083739385e+00 -5.353658875187444766e-01 -1.231239596726929841e+00 1.966250358605457826e+00 2.097782037535179001e+00 -5.245906385328013011e-01 5.997482804260717559e-01 9.430569276468793172e-01 2.961675751154548397e+00 -2.297699371426977333e+00 -2.080537886450956275e+00 -1.205656417567086303e+00 -1.919332543647771727e+00
9.418947269025615965e-01 -4.064918998686652962e-01 3.852164378167054481e-01 1.154127803737737545e-01 -1.450304857919878732e+00 -6.630461639034833654e-01 -4.129235062868178985e-01 -1.701590169162758404e+00 7.643256626509603580e-01 -1.325617387373772549e-01 2.919846769609489856e-01 -1.575862054068184248e+00 -1.936444177467783856e+00 -1.149993594571530497e+00 4.842890823659465327e-01 -3.637821265305827417e-02
9.552724046978637862e-01 9.100998096602984644e-01 9.383138022119283383e-02 -1.227515391069684769e+00 -1.521698714010830011e+00 -1.030983626387138141e+00 -2.743800868380132374e-01 2.164651838405676543e+00 2.047395031530998111e+00 2.334534669455502198e-01 5.461628033725040021e-01 -3.899891343265249333e-01 -2.280817361375097274e+00 -1.598837506214676907e+00 -3.214560974646778480e-01 1.493442044604132324e+00
3.978267633370595746e-01 -6.456679351253142851e-01 -3.031749560600029841e-02 2.445187499913274998e+00 -2.949834616793812536e+00 -2.442569531504451774e+00 -3.118723570700838277e+00 3.032343454824007356e+00 2.407748569190382160e+00 1.504099552527228933e+00 -3.816122988017165429e-01 -2.211804803277167553e-01 -1.002418788554172657e+00 -2.569815642768411568e+00 -2.170894906178236550e+00 2.785796912172437967e+00
-5.192217827165520605e-01 3.240995642070824134e-01 8.800048141861875894e-01 7.753739208680562323e-01 -6.255174855193504913e-01 6.823965459460339389e-01 -1.843833004348494620e-01 1.086949417708550802e+00 2.042699822214377736e+00 1.954539948310085373e+00 4.480303349127643386e-01 -8.298753102218099365e-01 -1.606163722276509720e+00 -1.341220668843611019e+00 -1.992020178911298789e+00 -9.496722387048345260e-01
-1.931657363555719931e+00 3.781875832606749754e-01 -1.955658780444344824e-01 2.120920674969803132e-01 2.438481790479683775e-01 -1.042761434316860303e+00 1.655620803838979416e-01 2.248663385041765217e+00 2.004597366872666875e+00 7.619364358342705090e-01 -9.642571956396764898e-01 -1.173726553421687191e+00 -1.242703219177794471e+00 -1.363727186100367472e+00 -8.444535688160549336e-01 -2.606406921917093777e-01
1.861951873596450202e+00 1.123181157279250275e+00 -6.913668348117232298e-01 -3.723732346919895742e-01 1.460457822262285710e+00 -5.679446955945094411e-01 -6.823485176399489704e-01 4.924600820659726375e-01 2.105793002693339133e+00 1.807534007386825348e+00 -1.811699375767058973e+00 -2.176982785661500497e+00 1.931416948246501786e+00 -1.866474909870805332e+00 2.736673993075648958e+00 2.603979222060655019e+00
2.463796068218981894e+00 -6.814724650975222398e-01 -2.846356928339677794e-01 8.846837017025645233e-02 -1.488855551365292629e-01 -6.128850707841565493e-02 7.229065694254865893e-01 2.429392149449892679e-01 1.181496865340154301e+00 2.186413137092223291e+00 1.283194716448168071e+00 2.357291406874235662e+00 -2.351858398540552564e+00 -2.158080478326550367e+00 -2.807070248141650737e+00 2.483206071109613333e+00
1.739705316134932289e+00 5.648176412489571696e-01 3.146823893723055265e-01 -3.945235879584013672e-01 -1.767525348837523380e-01 1.266013824563781975e-01 1.079323558585433274e+00 1.181253903249013471e+00 2.525652785802024791e+00 -3.124437044181453516e+00 2.355406001526519688e+00 -2.846794657461777511e+00 -1.873573886940566868e-01 -1.754742921671289757e+00 -2.444289950407113388e+00 -5.925858758234697765e-01
