1.156930301847841847e+00 1.332636673987648734e+00 1.625597406791834620e+00 1.474607333527622632e+00 1.448801082634041393e+00 1.799601077401543403e+00 1.769336822537014298e+00 1.417091273642296256e+00 1.365774796676469949e+00 1.617386308089453939e+00 1.103991240547451902e+00 6.590520009298471704e-01 9.281899264481034972e-01 8.956526975998886364e-01 1.521534785778406951e+00 9.085833397364311281e-01
8.913895453113299672e-01 1.801078591035193188e+00 2.190525895202716455e+00 1.434520077610976108e+00 1.822608118131622934e+00 1.128514423223057284e+00 1.199875130864865858e+00 1.557535766377267761e+00 1.343422904523050576e+00 1.443941216473475064e+00 1.758992107647946446e+00 1.123648892114543330e+00 1.050676909925411184e+00 1.041044470646852682e+00 8.307982958285122788e-01 1.230446610657289996e+00
9.266122139190231533e-01 1.513530050814469341e+00 1.777653339791104514e+00 1.444501881141748711e+00 1.065866887635863902e+00 1.148820719488145681e+00 3.520083201218602853e-01 2.940396113398235922e-01 1.253649041671932141e+00 1.542630659557096218e+00 1.482404022320009007e+00 1.261938811424181184e+00 1.226620858627877730e+00 1.003938075423280951e+00 1.505429569781077337e+00 1.158594449538025817e+00
9.953103842479473773e-01 1.658980234079219462e+00 1.647144274540303321e+00 2.521031058385863055e+00 1.696540742152883308e+00 8.368667641465070695e-01 7.868244758322263666e-01 1.141001627111805083e+00 1.605992306422888927e+00 1.655970642636738654e+00 1.817146380550475504e+00 2.450762139205472590e+00 1.908915823425670899e+00 1.246052506854427921e+00 1.658908489954040721e+00 1.340041868154831395e+00
1.267092118287410640e+00 1.581171891863096812e+00 1.654785291815241699e+00 2.419209116786470215e+00 1.582319340025631460e+00 1.466496470611595715e+00 7.071222231327208840e-01 1.373681966611014493e+00 1.331560241439887715e+00 1.835973158623980250e+00 2.278073227156601099e+00 2.159983648161002634e+00 1.954966394746913139e+00 1.541373032753191819e+00 1.486985828551184774e+00 1.338603257259774582e+00
9.098273373528713570e-01 1.650836406142728974e+00 1.452193733422830091e+00 1.378571394980763198e+00 1.395137699442048573e+00 1.288791440218103768e+00 1.048572292274639883e+00 3.824295820787148026e-01 1.926116675202787398e+00 2.002779447965956638e+00 2.203427122060026999e+00 1.726155801569342119e+00 1.669509281909241194e+00 1.229355938151154737e+00 1.068790392375081888e+00 7.202536094533195099e-01
1.622043353138739930e+00 1.444640309942260448e+00 1.416241016329026658e+00 1.642970999161005974e+00 1.584486455939595695e+00 1.340162751577183009e+00 1.331604085026757200e+00 8.945207394854605143e-01 1.121083244599380802e+00 1.735358143105660389e+00 1.817232577520472514e+00 1.443292170109388373e+00 1.444030521231497444e+00 1.308591274166933882e+00 1.947419469101638878e+00 1.105770257420920277e+00
1.653761174226134001e+00 1.704944480086873604e+00 1.353636518699477653e+00 1.851192957367011616e+00 1.560711167455127724e+00 2.312774783719786065e+00 1.684605048516060410e+00 1.427709867400124955e+00 1.881967485099675930e+00 1.521778140288329917e+00 1.598545079745158803e+00 1.971680489388937030e+00 1.696838380437472482e+00 1.298345047675615316e+00 2.023795550587600633e+00 1.877131242901802999e+00
1.935050637480030034e+00 2.066286936402251584e+00 1.160560081897825668e+00 1.836787402994899177e+00 1.335836820440138739e+00 1.704764790848841027e+00 1.910119237991058760e+00 1.894990179379296702e+00 1.761449572309298439e+00 8.889533778594393976e-01 7.016401331671948682e-01 1.105104352960284420e+00 1.855969426549305412e+00 1.885840460088663795e+00 2.296240746006827926e+00 1.699845968821114051e+00
1.918629773796662885e+00 1.581703279115134197e+00 6.842834621123853323e-01 1.369229395640440217e+00 1.441951435763498601e+00 1.696821983273293810e+00 1.456612594682610951e+00 1.082199174469534508e+00 1.926076663115055210e+00 1.121630145615003959e+00 1.214021482772388305e+00 1.861460417429965597e+00 1.460958669137597532e+00 2.142021446233122628e+00 1.435128539559305194e+00 2.132559520657334673e+00
2.124201193734205795e+00 1.072021579084500909e+00 1.431653869082788244e+00 1.383164497079746535e+00 1.248595410676214712e+00 2.127807587950227841e+00 1.844679849255335569e+00 1.719296109291786445e+00 1.457300530564234808e+00 1.816044257935247597e+00 1.875851444674168533e+00 1.782516805211378674e+00 1.745810209158521698e+00 1.387574695895591459e+00 1.868006915752674857e+00 2.368244892337435736e+00
9.645976100643381956e-01 6.437338492375082044e-01 1.413676566877053009e+00 1.885783275348366983e+00 1.312747507050595619e+00 1.057051066458612132e+00 1.391236267131805260e+00 1.546087353133973386e+00 1.150651803932104533e+00 1.167237910433574166e+00 8.593345115149736424e-01 1.369908600349764916e+00 1.552020576059460755e+00 1.374193911307277860e+00 1.058528154176469949e+00 1.357129115893879412e+00
1.852394279814238320e+00 1.280419150535280881e+00 1.408794740253158650e+00 1.773752118223748120e+00 1.184301677875575054e+00 1.068541937227099226e+00 1.597647013095115254e+00 1.389759576739102664e+00 1.482417148895634362e+00 1.784751350172945950e+00 1.061385421478082458e+00 1.191374574159043132e+00 1.773730140571489367e+00 1.908269530883093701e+00 1.655364196790986009e+00 1.367858014074767592e+00
1.975835696281850851e+00 1.522727848058204492e+00 1.973304849920227477e+00 1.267830940076497548e+00 3.730015701235910863e-01 1.937890214964503421e+00 1.821257769340468791e+00 1.201229990894173483e+00 1.422510469913189413e+00 1.297336625785707520e+00 1.810553748569559307e+00 1.591707368370576470e+00 1.470921887646578607e+00 1.735694752465659407e+00 2.042049335251451492e+00 2.323446619775122901e+00
1.749809878873895608e+00 1.594517490054879527e+00 1.744562946771833767e+00 1.596115111265722586e+00 9.827095761871662560e-01 1.247933893805071692e+00 1.340105241447208329e+00 1.223981490714171505e+00 6.530989458553484450e-01 1.309890907781638081e+00 1.760014164194434017e+00 1.323992179076924458e+00 1.088904952565532991e+00 1.485828433113486335e+00 1.397071869111542908e+00 1.361232731230307191e+00
1.059697793663883170e+00 1.033026336900397579e+00 2.250718854975547245e+00 1.668909883473413736e+00 1.785110291195288079e+00 1.736254907877264886e+00 1.599274420591518364e+00 1.309910982084574460e+00 6.204192265782246807e-01 7.780705779362208085e-01 1.676318940151091175e+00 1.616813941788466158e+00 1.022497336432607540e+00 6.411049563140454044e-01 1.374446348614932978e+00 2.013896849050793580e+00
