-2.712241239180431140e+00 -2.921421254194836781e+00 -3.050141108507080201e+00 3.129276647979347903e+00 3.095152339480490955e+00 2.844527017178709816e+00 -2.847841893781153821e+00 2.965890846301155737e+00 2.685593351256537531e+00 -3.012768286811646767e+00 2.864081207856141287e+00 -2.958129440675531185e+00 -2.852491580610571731e+00 -3.116696509826486494e+00 -2.542394207178442667e+00 -2.037139216279427067e+00
-2.277744829791733316e+00 -2.533722501162111396e+00 -2.628593879130197930e+00 -3.071488731799303373e+00 -3.075889901724661257e+00 -2.658911307647293221e+00 2.844896064817726167e+00 3.010994857987211670e+00 2.412654759037669017e+00 -2.875737194893662529e+00 -2.811293329884285264e+00 2.887824702202504756e+00 -2.253687277076385165e+00 -2.256353457730611467e+00 -2.324662882567253952e+00 -1.744791425281074559e+00
2.797314314513403399e+00 2.845310689108265123e+00 -2.704970447855616023e+00 -2.540183194471527628e+00 -2.745641327018158329e+00 -2.908233475490797915e+00 2.965772178073367904e+00 2.899825978421573414e+00 2.865661816597536493e+00 -2.907863203068655533e+00 -2.984539697369648525e+00 3.072358345507837374e+00 -1.830652209277740194e+00 -2.051037192144135268e+00 -1.690400408716170588e+00 -2.136673787325598539e+00
-2.990459112697735122e+00 2.803396894568933817e+00 3.136825917546432141e+00 -2.817093101082910334e+00 -2.057418947347626759e+00 -2.018932804231071909e+00 2.654408957393533441e+00 2.546406241732217079e+00 -2.983739378058059000e+00 2.698624260555438692e+00 -2.740420199082790997e+00 -2.932984054286205122e+00 -3.010423512295966386e+00 -3.019764860786899874e+00 -2.296391954265644131e+00 -2.348426580317116485e+00
-3.046018775147613322e+00 -2.919881758981664799e+00 -3.095730485074718263e+00 -2.481012224528539978e+00 -1.923286853813864328e+00 -2.407282686313103603e+00 2.926982953195654602e+00 -2.591202406171397410e+00 -2.791797031699676523e+00 -2.732995072872620668e+00 -2.171320296187619903e+00 3.092144455986081564e+00 2.717982338337571857e+00 3.015467336983492341e+00 -2.436520616215706703e+00 -2.776279921627942571e+00
3.060009435748822781e+00 -2.831853755570360232e+00 -1.904596582181167674e+00 -1.931472328222315182e+00 -2.894389431854575090e+00 -2.734595069779831356e+00 2.878094006789857939e+00 3.105173571107859853e+00 2.741918508332806592e+00 -2.321955616029319991e+00 -2.368492401305058781e+00 -2.606943275430565254e+00 -2.817110726028724255e+00 -2.384517291176952991e+00 -2.362286692869080440e+00 2.974779356792326634e+00
-2.614378897376484545e+00 -2.266401643369396091e+00 -2.687062039139298530e+00 -2.592740799108200989e+00 -2.322474230948820662e+00 -2.167116342665264206e+00 2.932871593512865527e+00 -3.133765754208237553e+00 3.080989840528615353e+00 3.064670407742978941e+00 -2.866399575959052370e+00 -2.674046240858776180e+00 2.946162384058992778e+00 -2.652501250309578396e+00 -2.203902491396172891e+00 -2.988241931261529150e+00
-2.327064552696299415e+00 -1.810505529036007477e+00 -2.176023150499792003e+00 -2.222376180946275426e+00 -2.128417724720449211e+00 -2.414327120267071081e+00 -3.105017391267464788e+00 -2.946853560230361602e+00 2.977192000313358733e+00 -2.987718445818789537e+00 2.832877444176824522e+00 -2.486778510514152885e+00 -2.763486572691610466e+00 -2.595307631629735212e+00 -3.099578271881111124e+00 -3.019620904187775068e+00
-3.095104418030341087e+00 -2.471025629243956523e+00 -2.091404237421938372e+00 -2.278219610694327102e+00 -1.595428857744582318e+00 -2.276003850081770974e+00 -2.357812006212369749e+00 -2.833466522872301052e+00 -2.717237349594934681e+00 -2.940789393914568173e+00 -3.081676904028203268e+00 2.934176395335732490e+00 3.083242927158820201e+00 2.904513467721620223e+00 2.989963371416984650e+00 -3.066885515453913413e+00
-3.003218578906302394e+00 -1.623614722440663183e+00 -2.162572721831394595e+00 -2.163662277862607564e+00 -1.529007809678281538e+00 -2.646508297968311219e+00 -1.920929601824851618e+00 -3.084731308811857531e+00 -3.082305562941811239e+00 2.869916898232270697e+00 2.998779020063781608e+00 2.809721572609760631e+00 -3.111363097242125342e+00 3.080705867345809867e+00 -2.767906370758424828e+00 -2.491909269894145407e+00
-3.133826209113327099e+00 -2.258408839063154705e+00 -1.661523175879748404e+00 -2.561568283855551798e+00 -2.703411016684308610e+00 -2.369693221185838361e+00 -2.979607494501490539e+00 -2.688945706974929628e+00 2.942816243381858765e+00 2.923417449065095930e+00 2.780117070825797843e+00 2.957465945974996568e+00 -3.014148118612417271e+00 -2.875600896015934271e+00 -2.855129111253241536e+00 -2.514675227170887428e+00
-2.691445321043016925e+00 -1.820273148333999114e+00 -1.872633784953423586e+00 -2.199247183045820897e+00 -2.598676785837443326e+00 -2.568199738979479285e+00 -2.661683312069895724e+00 -2.896625150837736307e+00 2.855240243738804917e+00 2.773129019737108791e+00 2.076037075790227782e+00 -3.111492342790449062e+00 2.672293640255609670e+00 -2.738145317762448627e+00 2.958551357768868240e+00 -2.063729838806971806e+00
-1.525910473956195945e+00 -2.803661551237756289e+00 -2.079859794229115710e+00 -2.180894247674347586e+00 -2.906044999125297235e+00 -2.783192664472303512e+00 -1.920440639030306818e+00 1.857330996879251739e+00 2.417211426005119179e+00 2.919229353387561954e+00 2.729721720761921766e+00 2.827551264020562893e+00 -2.533130159093535561e+00 -2.902793352614275069e+00 -2.917633551955535420e+00 -2.320222333499873724e+00
-2.344864691611904028e+00 -2.166361365427482699e+00 -2.165996711028570498e+00 -1.997052105931801602e+00 -2.030960738705297697e+00 -2.518063666781944043e+00 -2.473361945136381745e+00 3.126686109541688463e+00 2.438177369367588554e+00 3.110808705636325833e+00 2.923758224720078402e+00 -2.869164437482016439e+00 -3.092959059511724451e+00 -2.835944296860243963e+00 -2.739725038727335971e+00 -2.163598221433016278e+00
-2.078849787955022510e+00 -2.634261832427823968e+00 -2.632247252034034979e+00 -2.027505419682402721e+00 -2.079187330181235804e+00 -2.304261781455482883e+00 -3.049363219412313253e+00 -2.664422378192550678e+00 2.987070164925139437e+00 -2.976706979014698273e+00 -3.036864146213135385e+00 -2.910864615770622610e+00 -2.488115057499786342e+00 -2.728406013388757323e+00 -2.549996360146823626e+00 -3.034560121398434784e+00
-2.490362075291307598e+00 -2.449671782287297983e+00 -3.115662141027552678e+00 -2.507185261707817858e+00 3.068085281395863895e+00 3.089787163834996520e+00 2.653615606945834315e+00 -2.527863022601765319e+00 -2.973771490599979028e+00 -2.395070054873009280e+00 3.076246128864592588e+00 -2.682545608774616230e+00 -2.868632604168560807e+00 -3.076673179029954408e+00 -2.501233101970993911e+00 -2.483986244002438948e+00
