-7.583800651828375150e-01 -4.585948384028888380e-01 2.719568536463704778e+00 2.446711035649896893e+00 2.999160183414327552e+00 -1.836725686194300877e+00 -1.585543998607512162e+00 -2.518429603237586356e-01 -1.232620707291671058e+00 -2.309246882306871473e+00 -2.026119096727362567e+00 2.213479591841971406e+00 1.459057055053608887e-01 -4.856253210183020252e-01 -1.953160371714849797e+00 -1.874761813824802115e+00
-1.446895378141898336e-01 -1.107009835902868500e-01 1.074375118481480373e-01 1.039335688087157150e+00 1.570170205393094154e+00 9.044880424764858429e-01 2.493818377569676059e+00 -2.125601833964673171e-01 -2.200617342028169610e+00 -3.120449280362373123e+00 -3.123102821108076910e+00 2.735409097189560601e+00 -5.345630520906131666e-01 -6.259670291690763166e-01 -7.448190028549186437e-01 -2.377415950071056494e-01
1.562046576143135690e-01 -4.379420680551598943e-02 2.353035903833546882e+00 1.559120682771417910e+00 1.422759423649038180e+00 4.548252779452509609e-01 1.442422655182035163e+00 -6.919049987933985069e-01 -3.086390947725581313e+00 -9.634263825684228344e-01 1.804413390093809966e+00 -7.200004050307158288e-01 -3.875936087525194695e-01 -9.463058324204951521e-01 -4.014497315223636287e-01 3.252015627492680361e-01
-5.288792227920021682e-01 -2.962877976952472125e-01 1.598418721404909260e+00 7.367102289215132771e-02 6.893838796787138228e-03 1.134265099934525622e+00 4.342770607160303942e-01 6.514683824691286373e-01 2.387561245567650037e+00 2.357254275280844802e-01 1.102026503722252082e+00 -3.048061023887977949e-01 9.873019069740187614e-01 9.245062531494842029e-01 6.768162971808662220e-01 6.501991851347240781e-01
-6.204108398643840561e-01 6.051378227109123209e-01 2.291796199054595140e-01 4.250402523781954822e-01 7.829838324266850114e-01 2.525238658056867536e+00 -1.574424064839182069e+00 -1.422930839226040911e+00 2.400857713020219997e+00 2.053462051187583182e+00 1.455705544224986658e+00 -2.248957663183489331e+00 9.847072976287197799e-01 1.137982771234955059e+00 1.404647892253106045e+00 -6.246006186172703423e-01
-1.767441776686561550e+00 -9.687842130685153652e-01 4.053056282598311855e-01 1.002612278830069092e+00 2.350460919438498664e+00 -2.897387709239483744e+00 -1.108926028200685421e+00 7.455409698890325121e-01 -1.302163886048361696e-01 2.076239970698715354e+00 1.601625385777019739e+00 2.591183237177102860e+00 2.673624842968315374e+00 1.612269983854307087e+00 -6.949348382229529886e-01 -9.026039872453779367e-01
-3.088712388847584922e+00 2.811921213799258190e+00 2.423022362255202289e+00 2.809881223830966057e+00 2.572657129204929838e+00 -2.425976294626424057e+00 -1.555619781635729559e+00 -8.250551645923486221e-01 -2.235347096135284151e+00 1.972417755243373261e+00 2.565130881835950838e+00 2.023647565253434255e+00 1.842961931403452658e+00 1.312328310642706164e+00 2.168170151929394329e+00 -2.892177813059838343e+00
2.699563549504080839e+00 7.951362585506628333e-01 -9.504146618006825697e-01 -2.755203981251141077e+00 -1.632690929290248283e+00 -2.953262528887549365e+00 2.978816345796610476e-01 -9.384713770862534998e-01 -2.278416400371700679e+00 2.307913790870739668e+00 1.990246125764165708e+00 9.412550356462602297e-01 -2.653737669733692850e-01 -2.112842718104847251e+00 -3.058540233358344462e+00 -2.964339425884537249e+00
1.735788517943377851e+00 -2.629472407168659487e+00 -2.606773580079012387e+00 2.682946513612812556e+00 -1.604962354680404157e+00 -3.002799971890679487e+00 3.101495390792925910e+00 -2.317040182104020296e+00 -2.455602367241011663e+00 2.630148240145236738e+00 2.810180830011526965e+00 1.902644716034749495e+00 7.878143100678963728e-02 -3.109640718618447153e+00 2.966046960720275738e+00 1.212540621402560914e+00
2.235281295678048341e+00 1.662007278806234334e+00 1.526153680451448169e+00 -2.343755060615526631e+00 -2.089882094590938877e+00 2.474721999841744235e+00 -2.064948340152559236e+00 -2.317347309222974161e+00 -1.724197538814232544e+00 2.770230467919850170e+00 -2.678539332045598353e+00 1.371473110827031716e+00 1.802575616319484375e+00 1.970859854490323970e+00 2.392778450664920342e+00 2.815384704620000456e+00
2.220787673991489797e+00 2.225648458070360824e+00 8.029261528787342561e-01 -3.026338189822333380e+00 -2.007626188977317039e+00 -3.086602630275487424e+00 -1.965212100019424923e+00 -1.468920335349164441e+00 -8.909901728266645948e-01 -1.336896658877383626e+00 2.536369456150092461e+00 2.992600748364866892e+00 1.383543949090480396e+00 -2.982309651294771324e+00 -2.993685339024350966e+00 -2.946176585661428149e+00
1.995649188330546053e+00 2.176302231962354394e+00 1.680151536213922103e+00 2.382062801458893375e+00 2.814227777845798251e+00 2.991408472093059601e+00 -3.031802716566937228e+00 -1.586238212913790635e+00 -2.503674603569021162e+00 -2.691429148334339772e+00 1.200903139410118170e+00 1.956262804406528444e+00 1.400743238373914457e+00 1.591188371582894945e+00 2.757401706066645364e+00 -3.086954679594707596e+00
1.830960173046644490e+00 2.320652973794455676e+00 -2.852805671078013194e+00 -2.682941205113763328e+00 2.543482600072707100e+00 2.582143273129652083e+00 -2.798680923975605861e+00 -2.185608170436124542e+00 -1.500235701705181057e+00 1.747802703729171903e+00 1.400672020291931830e+00 2.542146029015359243e+00 1.595389802945466506e+00 2.604310693462036586e+00 2.707571046482562416e+00 3.057706561217857111e+00
1.744777977916594613e+00 2.658750717678115549e+00 2.687184437163021578e+00 -2.182224744484640322e+00 2.748567220754221108e+00 -1.874008721121127596e+00 -2.884849889646950771e+00 -1.486379434415207701e+00 -1.061249155616349915e+00 4.192110618854993920e-01 1.969460227457064949e-01 1.122811507407944998e+00 5.829099677326036177e-01 6.286515106140477815e-01 2.950074195940696420e+00 2.506721726206407208e+00
1.920239727457892398e+00 3.051768639459873977e+00 2.407174524743540989e+00 -2.686024734436455841e+00 -2.549611155708713994e+00 -1.723914891973387764e+00 3.106832022644195224e+00 -2.189770199721589705e+00 8.943291696130581947e-01 2.280423771141006639e-01 -2.164594532877369470e+00 7.408643738198439355e-01 -5.263208014853026917e-01 -7.100028782487527446e-01 1.976491010070797971e+00 -2.924931428253534360e+00
5.873442923913712033e-01 1.236408319576583370e+00 1.785070065965792985e+00 2.393072918915347902e+00 2.961087401184888446e+00 -2.832733101174937929e+00 -1.925800715193572543e+00 -3.941235853749631146e-01 -7.759698232785720018e-01 -2.204656244230497997e+00 -1.394160623465594773e+00 -5.890511018267603482e-01 -1.003226593304351155e+00 -8.265304733334853937e-01 1.665765663875973690e+00 6.010110820935912201e-01
