-1.753467001477834630e+00 -2.342101723477247877e+00 2.550136459138232947e+00 -3.128602187127051515e+00 -2.022845656863426100e+00 -2.388796035094319592e+00 -2.141832478174183318e+00 2.008565481362843741e+00 2.080653240304973117e+00 1.845118414597000100e+00 5.729878288350800375e-01 7.883815787838727163e-01 5.194972203926209176e-01 -1.860544418805811784e+00 -2.372399477098761977e+00 -1.579381380423543257e+00
-7.901878863822717758e-01 3.007415427702313959e+00 -2.941162556550366070e+00 -2.920684913962596330e+00 -2.467055673043310193e+00 -2.116755059008026851e+00 -1.199218088846226715e+00 -1.833694092630777428e+00 -2.074909566752408452e+00 -2.119224224538883927e+00 -1.863619205359582587e+00 2.142474379185105526e+00 -5.633494880809751804e-01 -8.113289792321156657e-01 -5.469819764489406572e-02 6.245002186937456123e-01
2.700474881644753911e+00 -1.848878354063719698e+00 2.890413591722649667e+00 -2.068970677960769056e+00 -2.994359087993142321e+00 -2.105400712405899544e+00 -1.838429293982139612e+00 -2.624733931359285677e+00 -2.319581323196060474e+00 -2.307239600495765597e+00 1.322861009958621770e+00 1.572163548889942142e+00 -1.611968514405237807e+00 -1.803321135582321988e-01 -1.227508217315640859e+00 2.247469927784057742e+00
-2.715959837019911394e+00 -2.948782000385005819e+00 3.012723719865162408e+00 1.017862685312106663e+00 2.849780178201120062e+00 2.985488983468081337e+00 2.822763702824135468e+00 1.007391794024122378e+00 7.918296768507145922e-01 1.659581490516336633e+00 9.815373627702548287e-01 1.603577623546075026e+00 -1.214410497984726334e+00 -1.426608881507509564e-02 -2.637759035196233892e+00 2.484032629200005005e+00
2.414883863882761883e+00 2.581378331554201377e+00 1.110228145307796233e+00 1.693152249082849226e+00 8.754037388751494397e-01 1.143539485800420419e+00 2.016705899605584495e-01 2.710939616305211963e+00 9.841965606035661951e-01 7.983521189523680173e-01 5.485145033991815078e-01 1.085651017364647197e+00 -1.642127355143385425e-01 6.236223934697125992e-01 -1.445878085641389310e+00 -2.744979174007421641e+00
-2.475450919729242916e+00 -3.041045409611669470e+00 2.797325139433691987e+00 1.684186469355618554e+00 1.366491957796718726e+00 2.019198340142169368e+00 1.037132193193214702e+00 1.222752030781847576e+00 1.785881070480208388e+00 9.064347246380836109e-01 2.623659389651797014e+00 1.531321293947655038e-01 5.671502157383980121e-03 4.254739825862662549e-03 -1.773764841991177788e+00 -1.292262476188068776e+00
2.198155071220050105e-01 -3.396874879076549614e-01 1.450990984168353704e+00 1.772199934121003739e+00 2.013229400369311417e+00 1.732872836807429096e+00 1.463649560417184636e+00 1.423238750778994310e+00 1.386852440609074311e+00 -2.933045499248253751e+00 2.769973075304363430e+00 5.692636468498523117e-01 4.410635942526438535e-01 4.436008798772924644e-01 -2.425686956053915155e-01 -6.706658230805613297e-01
-2.296644644241105093e-01 -2.362383224283118865e-01 -1.524164595405272105e-01 1.504875436150360457e+00 -2.669435673469166215e+00 1.956489072479404179e+00 1.883499587790713914e+00 1.796582324191811519e+00 1.857459958621004548e+00 -3.048939493032146508e+00 -2.447344236076800517e+00 2.396009015940443465e+00 2.947772508715656326e+00 8.142658930797945782e-01 7.325351761216337687e-01 1.524814766070665462e+00
-2.929205976191965322e-01 -5.674113883410328851e-01 1.605687039106813430e+00 1.229299042647213014e+00 -2.431092346748421562e+00 -3.112966951311969765e+00 1.860196864584470200e+00 2.326524108085712861e+00 6.221326985247773722e-01 -1.783627528522571337e+00 -2.016405009011368765e+00 2.519033922676731319e+00 -2.868929857472963807e+00 7.979119640418085302e-01 -6.682686312349296331e-01 8.955851067381482844e-01
7.366088289697587665e-01 4.471739021776383050e-01 5.336837938812706295e-01 1.191948289132403582e+00 2.901034872504781426e+00 -2.811982306177603252e+00 2.004700895897487900e+00 1.175609995697207033e+00 1.839685758824545658e+00 -1.072967944440855748e+00 -2.856132809196138655e+00 2.930777222682841909e+00 9.275697192076018949e-01 1.147810788213030841e+00 -9.329129006941363489e-01 8.118552436936836703e-01
4.871492765312064877e-01 2.642655054480585464e-01 3.912472495892795332e-01 -1.196469047854687856e-01 -2.818164032734015390e+00 1.904240779302642350e+00 1.919947263987161978e+00 5.116500497136158288e-01 1.808461724330429732e+00 -2.616364274664716660e+00 -2.608836963271099485e+00 -2.394107888837100795e+00 2.408576492922910095e+00 2.429752497828666868e+00 -2.998120693519423341e+00 1.681868840588433445e+00
1.829929745257686147e+00 -2.867404202059459895e+00 -1.627484787072417838e+00 -1.538958399553530532e+00 -1.726162396522273434e+00 2.757843239469503605e+00 2.162909458606754320e+00 2.658506716887854449e+00 2.146536539141560507e+00 3.161173879880531112e-01 -2.189665253025585123e+00 -2.689503448932428320e+00 2.539064555700030201e+00 2.665933724606300625e+00 2.477685975054485734e+00 1.578941280894488486e+00
2.173413895187335410e+00 2.644305483201569107e+00 -1.104236682416479987e+00 -5.428873567726456573e-01 -1.204382782954985132e+00 1.361756631185766953e+00 1.831439506844164455e+00 1.977339921097605702e+00 2.012571204794909807e+00 5.835159401630851672e-01 2.115125432797961391e+00 -2.757363988307614644e+00 -2.340507283697851548e+00 2.342950451472914253e+00 2.790523780745176818e+00 2.405898570561012306e+00
2.705575172743178047e+00 1.929120505063864677e+00 -1.756115982353941618e+00 -1.325113274775770122e+00 -2.298756176466512091e+00 2.794684795176303194e+00 1.370465257766177780e+00 2.501048764290963788e+00 -1.444583814946362454e-01 6.341542414158083396e-01 2.757448592241509844e-01 -1.287029580376778837e+00 -2.799617203795264686e+00 -2.838212608914634227e+00 2.197916011729678765e+00 -2.586296343974426648e+00
2.733893269168875761e+00 1.830548989552785999e+00 -2.167035587851720901e+00 3.088136165802727540e+00 3.368340013362099983e-01 2.958389040815702753e+00 2.495420012183446445e+00 -2.901136237946404961e+00 1.982542803724423930e+00 1.151789058482424633e+00 2.944650932289120115e-01 1.104915723007090289e+00 -4.236022079944492397e-02 2.789627986469807919e+00 2.529244114534927590e+00 2.815603686006462603e+00
1.755302733938201021e+00 2.783219842795645604e+00 -3.083413943722764561e+00 -3.124733212697729634e+00 -2.520786137650451231e+00 2.952961665647557687e+00 -3.133103162483470872e+00 2.755885972331310274e+00 1.523508256098522029e+00 1.554010038967088336e+00 2.893458661720396119e+00 9.926367412938509327e-01 -2.752417703208517530e+00 -2.439472879966954721e+00 2.622680891657545033e+00 3.102267433699936294e+00
