-1.717203391780016242e+00 -2.009901029801894445e+00 -1.423911636878288922e+00 -1.799775035277442203e+00 -2.408024048028651443e+00 -2.678380081125494971e+00 -2.450741753973266768e+00 -1.549454037567236986e+00 -1.692974006985475954e+00 -1.516656233711965340e+00 -1.914482151326252213e+00 -1.587460159694269457e+00 -2.175616870893217480e-01 -8.327612964948620800e-01 -2.153150918013462700e+00 -9.392054894611300275e-01
-2.153426302587172270e+00 -2.483727342981985942e+00 -2.027914931183591563e+00 -1.271777039307262491e+00 -1.111624720236658259e+00 -2.215158216760383159e+00 -2.525392477030870886e+00 -1.954028753001978869e+00 -1.816027132996230531e+00 -1.511760856636203076e+00 -1.067843685440160728e+00 -1.754098261284108728e+00 -1.409945560069064907e+00 -2.144050913469675856e-01 -1.705753334377727359e+00 -1.156185367375420103e+00
-2.197404952472242989e+00 -2.102481584360056388e+00 -1.648618681827237697e+00 -1.703703481134398956e+00 -2.504625880742642252e+00 -1.919442373109762068e+00 -2.448460122184872745e+00 -2.233587880265974768e+00 -1.477683716604986097e+00 -1.224625268132504496e+00 -1.512982693996625994e+00 -1.166278583629867915e+00 -1.148351033864942750e+00 -1.565821219726208247e+00 -1.380998826243265309e+00 -1.586679801767947318e+00
-2.203424515236612979e+00 -1.948735629336399322e+00 -1.682399891031966410e+00 -1.906591585334696193e+00 -2.024621460610183998e+00 -1.792698272607629040e+00 -2.149805979061913952e+00 -2.427228916035408357e+00 -1.717370377023823780e+00 -1.831804711500449212e+00 -1.457994786361610728e+00 -6.320361363899732465e-01 -1.351006276755800872e+00 -1.412008962453825456e+00 -1.332449239818031206e+00 -1.485745441004877820e+00
-2.152297339517761809e+00 -2.357998968593550959e+00 -2.011868110864722059e+00 -2.163328483319953754e+00 -1.192959471266035854e+00 -1.862177799988664839e+00 -1.885687418351915223e+00 -2.066826803207567842e+00 -1.432157663862427821e+00 -1.298200660761132275e+00 -1.202685664875615679e+00 -1.498928978237056509e+00 -1.404954538958175903e+00 -7.561655225747259124e-01 -1.549330097783274240e+00 -1.768854593310743573e+00
-2.231571386804792834e+00 -2.357602339885913612e+00 -2.140010539739704232e+00 -2.441634421995288129e+00 -1.463206417824419292e+00 -2.315395525095565787e+00 -2.213368846263364276e+00 -1.709041695871705402e+00 -1.650469780280177101e+00 -1.790419701509984529e+00 -1.812942916991010955e+00 -1.452522676193195750e+00 -1.000945748354641340e+00 -1.189285274298618633e+00 -1.065107987705737225e+00 -1.595945238684111978e+00
-2.185563245262118759e+00 -2.246065630877886132e+00 -1.908598815303516938e+00 -2.078837411016377423e+00 -2.128948042537270435e+00 -1.400697538955388843e+00 -2.352575076249786346e+00 -2.902955233750996733e+00 -2.283581215792645391e+00 -1.642351215872334125e+00 -5.281741805719945004e-01 -4.703981678892753537e-01 -1.098286293503316857e+00 -7.321662010953496891e-01 -1.494354812071121863e+00 -1.437692731883716268e+00
-2.012535254147586272e+00 -1.577359720316347191e+00 -1.533966534956231031e+00 -2.056444239822608377e+00 -1.503365349506864179e+00 -1.571328903691450174e+00 -2.769980454009366433e+00 -2.573297651072869119e+00 -2.527370276575927832e+00 -1.325600065388068849e+00 -1.153683642323815178e-01 -8.980801268364061452e-01 -8.869408417386609456e-01 -1.908693005950397703e+00 -1.528291546536534762e+00 -9.169097596347537404e-01
-1.319070285841413170e+00 -1.773685994260912002e+00 -1.478253069956315224e+00 -1.950335878370854203e+00 -1.760898446179899324e+00 -1.545989186442809471e+00 -2.631488519831530315e+00 -2.973951223698140467e+00 -2.337402729482607633e+00 -1.579103476535055117e+00 -7.171249051129416907e-01 -1.292585638198139542e+00 -6.959459172760675827e-01 -1.447583114747552413e+00 -2.003756349036892370e+00 -1.592785911478101113e+00
-2.489125067700215244e+00 -1.773268371085559458e+00 -1.799321116700441925e+00 -1.209773718361773165e+00 -1.477498660551663567e+00 -1.229804002992516576e+00 -2.386625603981143762e+00 -2.061216776754720481e+00 -1.633408929115735653e+00 -1.114491229827391461e+00 -1.447425327582745114e+00 -8.093344383771269301e-01 -1.453608624187910259e+00 -1.446270238995659874e+00 -2.073858443907843352e+00 -2.276246112852223558e+00
-2.440420606415232285e+00 -1.788534652913481793e+00 -1.944563012451205442e+00 -9.346885465734653398e-01 -1.103920745010801729e+00 -1.970230021124974806e+00 -1.679171611203822856e+00 -1.863174156079959731e+00 -1.661504698533764257e+00 -1.396958703060050322e+00 -1.581823458145352523e+00 -1.605130894877093484e+00 -1.994854992896892165e+00 -1.401734782334675522e+00 -2.147066112428834384e+00 -1.915262871186274252e+00
-1.732158073313472935e+00 -2.078065974165342222e+00 -1.662277899426391814e+00 -1.547214936623518611e+00 -1.637612380013437896e+00 -2.102692614313856456e+00 -2.074987968884641987e+00 -2.313545131795945231e+00 -2.222775897856507310e+00 -1.286705743870860008e+00 -1.065432308273946305e+00 -1.295144220016943182e+00 -2.526510370313276521e+00 -1.825296344663785542e+00 -2.184304747021854620e+00 -1.427916934668230775e+00
-1.459136494755183033e+00 -2.869987835468453596e+00 -1.929919270368269713e+00 -2.187143960132143405e+00 -2.473861694063968830e+00 -1.786010356533920929e+00 -1.787092084425659699e+00 -2.574726151973443677e+00 -1.802064511560262039e+00 -1.839695075027423687e+00 -1.810350125281338762e+00 -2.308335034334523250e+00 -2.370085949469409314e+00 -1.983274741167055044e+00 -1.885725840891591565e+00 -1.417737113061760867e+00
-2.093618220075919023e+00 -2.197002304579503740e+00 -1.806472984985600050e+00 -1.821744520701344738e+00 -2.285372579030843010e+00 -2.088107303910986978e+00 -2.012854243484069716e+00 -2.343355002261618747e+00 -2.620853059110243688e+00 -2.113988188133819612e+00 -2.037317234355384254e+00 -2.503754514051475866e+00 -2.916418534645532912e+00 -2.161023106410749239e+00 -1.556772182039145802e+00 -1.219284933259128012e+00
-2.105550127776624425e+00 -1.926089666080447182e+00 -1.711721190297305961e+00 -2.109271080224464523e+00 -2.662576081319863786e+00 -2.577185946305321718e+00 -2.340626729229278613e+00 -2.194165913615413022e+00 -2.205209112549695760e+00 -1.516232593040146348e+00 -2.065259277054167786e+00 -2.260561944396063172e+00 -1.741824699159437495e+00 -1.181840953413367812e+00 -7.826921579105590165e-01 -1.651352451791373799e+00
-1.318207857037097419e+00 -1.913632335997617728e+00 -1.503187464421428032e+00 -1.620054618370528443e+00 -2.445282551350639100e+00 3.138961307219846120e+00 -2.144963851518103759e+00 -2.124989069137453335e+00 -1.450312851229735189e+00 -1.711406637840273470e+00 -1.017316950856905766e+00 -1.099685928363551612e+00 -1.219921843659402150e+00 -3.531124512377429858e-01 -7.118565388244364467e-01 -1.036498567259644066e+00
