-2.618617802093822888e+00 -2.384724973444351637e+00 -2.983577044322578864e+00 -6.509979525823963442e-01 -4.999787057350705832e-01 2.710664402675477813e+00 -1.750017376093714105e+00 -2.021214572805594134e+00 -2.055483946179136545e+00 1.443439216556531290e-01 -2.773854520500021459e-01 -1.222818495229927693e+00 -1.787147352237778986e+00 -1.588296846414035679e+00 -1.635243781538624930e+00 -2.313981846194254732e+00
8.793078336044497512e-01 -2.309487163570516088e+00 -3.052821859726758014e+00 -1.589433654814175867e+00 -4.481339163315972152e-01 -1.097992291884513305e+00 -2.915793838552909634e+00 -1.927651295683924459e+00 -5.690335981611523986e-01 -1.355239805639467221e+00 -1.190413547931987504e+00 -1.183493740918249326e+00 -1.589146306573258061e+00 1.169231076161321825e+00 -2.166617175936851325e+00 -1.099057078848807434e+00
-1.460283312997042282e+00 -2.843003656083674002e+00 -2.866464170822109025e+00 -1.923801725021235365e+00 -9.382308962070773362e-01 -4.012140580089252895e-01 -1.202739245847491256e+00 -7.932124959861220903e-01 -2.574401015407711935e+00 -1.941916640214850442e+00 3.053385888975410190e+00 -1.471948859291517531e+00 -2.532789645409335044e+00 -3.015125064424195589e+00 -2.448858209575016431e+00 -2.348371171181741435e+00
-1.627346979943939731e+00 -2.501005475155593238e+00 -1.284722694608007698e+00 -1.754266780073824084e+00 -1.553846490509509071e+00 -1.496179023455213919e+00 -1.440639401641378381e+00 -2.276187302526889056e+00 2.711521825696981303e+00 -1.657755824596900407e+00 -2.756952537519746560e+00 2.381023092953494125e+00 -2.306058659885886986e+00 -2.257902206296176217e+00 -3.052868968618836831e+00 -1.075299484767681335e+00
5.157464332976672283e-01 -1.382300888454100374e+00 -2.547351103657825799e+00 -2.205012740261094173e+00 -2.176893408137954289e+00 -2.526840830753644074e+00 -1.279498631753844817e+00 -9.519438924214143061e-01 2.367254153810667283e-01 1.293998495958883943e+00 2.492802114081801079e+00 -3.041219977027071586e+00 -2.769898904043480936e+00 1.594800703459781532e+00 2.930019609057818109e+00 -1.121808751304257612e+00
-1.625982200020562818e+00 -2.500060742032055749e+00 -1.479864500200065436e+00 -1.488021033748267108e+00 -2.951346254383247381e+00 2.340629484884587885e+00 -8.568696242894769943e-01 -2.405533661020520242e+00 -2.999148481629444696e+00 2.910404553758476176e+00 -1.475653900787773143e+00 -1.454236509466894978e+00 -2.313989066226890934e+00 2.180834754205384307e+00 8.774253642161130573e-01 1.994672687771056774e+00
-1.887934117527189537e+00 -2.451550513376992591e+00 -1.096709307227941466e+00 3.092332644957425991e+00 1.889189405175707881e+00 2.364286707232082119e+00 -2.300336999233945967e+00 2.577029530570854821e+00 -3.082373366933559566e+00 -2.306566261745933932e+00 -2.053999575890000262e+00 -9.833815188564026810e-01 -2.662991420784366348e+00 2.746598440870665403e+00 2.705982349195905634e+00 -2.967093382403859447e+00
1.689881021814786166e+00 3.036211257188324297e-01 -2.750551733796096521e+00 -3.051420092246531990e+00 2.330686012408681229e+00 2.261546346904909743e+00 -5.793020327156239713e-01 -2.181627555533882656e+00 2.692026256882983137e+00 2.854494065077179954e+00 -3.073489105244214148e+00 1.146842232603922929e+00 2.978394531888480135e+00 -2.944580666969735194e+00 2.962338396142255803e+00 2.965243049432188194e+00
1.018315086590956042e+00 1.472334229700208885e+00 9.998844453249612352e-01 2.653885067712682844e+00 -2.949551085476160850e+00 9.731073014744560101e-01 -1.407868919426337462e-01 -2.909887505930905949e+00 1.855351176412986414e+00 2.980843174628347025e+00 1.823734193653141267e+00 1.884848355913311568e+00 2.019663655443465711e+00 2.925623497332141554e+00 2.356649566231586501e+00 2.939511300301064001e+00
2.736288665876478898e+00 2.054375099402587335e+00 2.598501913457511581e+00 1.943590571421659252e+00 -2.589844056796277272e+00 2.654868112496229227e+00 2.002886705920321919e+00 2.141346199782307558e+00 -3.015293739319196309e+00 1.683958716010190315e+00 1.487486752867521078e+00 1.626617848144956024e+00 1.622164445626374851e+00 1.593757057026298218e+00 8.341108629149756037e-01 2.988746311230349395e+00
2.783918547555937817e+00 3.073852259551295152e+00 -2.875304709284243643e+00 -2.379135484882728413e+00 -2.240572114656829150e+00 -2.113289693062490482e+00 1.555927127477168215e+00 6.056293560887301419e-01 -2.852062761235594213e-01 8.144762484062831875e-01 2.843621540315596885e+00 2.092150018562817237e+00 1.197301829241832261e+00 1.085184817533565216e+00 1.850186901315937327e+00 2.426673581706293437e+00
2.766007397008502178e+00 2.705156863242842658e+00 2.666611200289920269e+00 -1.652990436891902171e+00 -2.527121355671705594e+00 -1.949139669297653255e+00 -3.877229922214318059e-01 1.780008410188478107e+00 3.036836014785066595e+00 1.645374766812945033e+00 2.695166590616709712e+00 1.057855501660884823e+00 2.288760593404515653e+00 1.762762471977434631e+00 2.006703801108567387e+00 1.456379423673897611e+00
-1.511945140641460350e+00 1.328957071466601692e+00 2.618189120069464249e+00 1.972121031245190670e+00 -2.837925453929973862e+00 -3.104048162660214771e+00 -1.864770805435727707e+00 -2.081981918043283919e+00 -2.763777645457492937e+00 1.518626085210670107e+00 -2.558263320115098605e+00 -6.716694826830027498e-02 9.841308881100884198e-01 3.575928849212529070e-01 -3.841760763472475415e-01 7.746109771024908275e-01
-7.351289023544258505e-01 3.680340572081611250e-01 1.467381290409988104e+00 7.556813558958748178e-01 2.546005989662094127e+00 -2.873462778252092509e+00 2.609932835076351321e+00 3.057849457136985194e+00 3.125862978138636006e+00 -5.013793723390778251e-02 -1.606543802940290089e+00 -1.840512825111612960e+00 -1.034210226273691635e+00 9.169031037123335226e-01 1.539106765310822134e+00 -1.088940130774402118e-02
-1.017709022484958759e+00 1.306185464125580120e+00 -2.403275111724257229e+00 -7.811706420803609108e-01 -9.141328578676645167e-01 -2.855844443703149160e+00 7.170562256768748810e-01 2.963088843704930753e+00 -1.845830924977168053e+00 -5.827493128796992217e-01 -1.574363998075466897e+00 -1.639361801919117179e+00 -1.567990388789056277e+00 -2.955788696674504834e+00 -2.962201070879080245e+00 -2.076963771969526196e+00
-2.247599785513124004e+00 -2.563822665182746707e+00 -2.829692843471487418e+00 -1.248699790722733960e+00 -1.259061329752793501e+00 -2.103663352417571630e+00 -1.478791283715775062e+00 -2.272600126245423624e+00 -1.286694693651212251e+00 -8.245959356121611572e-01 -9.518798442598120912e-01 -1.903696859041261735e+00 -2.886032226487681207e+00 -1.994480015153584862e+00 -2.803348686662192613e+00 2.946620625496920720e+00
