-1.733428649977471370e+00 -2.143368140867127902e+00 -1.428245621629728568e+00 -1.261644334883344154e+00 -1.611048436820073704e+00 -1.300185983160673242e+00 -1.840869648448743234e+00 -1.943483847617896609e+00 -1.802751054542076847e+00 -1.559991392762283713e+00 -1.551494812161767323e+00 -5.874406498095395834e-01 -9.828897341620768113e-01 -1.766949434823788856e+00 -2.394804787951711589e+00 -2.090411316855369961e+00
-1.230396615665145799e+00 -1.489610163498301887e+00 -1.217357505598919865e+00 -1.571347650243900329e+00 -1.521568855658748998e+00 -1.509428074092457717e+00 -2.137301130646843461e+00 -2.106527029354965386e+00 -1.791985927187798255e+00 -1.342927430448337844e+00 -1.543420007999532384e+00 -1.774251832054378308e+00 -2.078318816677369618e+00 -2.067587037196765731e+00 -2.537801619641085971e+00 -1.871821022290923286e+00
-1.180882280200855838e+00 -1.103055692661340625e+00 -1.613904271263272072e+00 -1.170808926652304294e+00 -1.058233351724518378e+00 -2.220242074972448965e+00 -1.774682940173541557e+00 -1.840088481644758023e+00 -1.841220817015486011e+00 -1.661522530397419040e+00 -1.331916754144271353e+00 -2.455437906352015531e+00 -2.284172065414807218e+00 -1.492581814134062990e+00 -1.966233055085461867e+00 -1.366037868983546399e+00
-6.576759522841217898e-01 -1.034795832422411577e+00 -1.409763048779789862e+00 -8.638102857698123360e-01 -1.407935698192792184e+00 -1.673699900399444829e+00 -1.707651871843694380e+00 -4.510767212637163959e-01 -1.894491020607832699e+00 -1.327354417894645033e+00 -1.699131746419261013e+00 -2.343604449746213181e+00 -2.638975460244910032e+00 -2.006115208227583935e+00 -1.503262428605204093e+00 -1.836615634350556858e+00
-1.390220619626165943e+00 -1.572920266537801481e+00 -1.623444104542087540e+00 -1.274467001835774660e+00 -8.875416277582485192e-01 -9.017369518718700849e-01 -1.164888650355633271e+00 -6.265213016222240805e-01 -2.175846139125235723e+00 -1.879372788970361086e+00 -2.216120060299525019e+00 -2.267016824507790407e+00 -1.982106686393830808e+00 -1.818798801687345978e+00 -1.191991667111313991e+00 -1.765821083941406133e+00
-1.612877615283629495e+00 -1.764086052298424079e+00 -2.262314609903859353e+00 -1.500882977858302825e+00 -5.264749680240503604e-01 -8.632133976570715017e-01 -6.397605801429844252e-01 -6.411326796241879622e-01 -1.216190190518528169e+00 -1.968681702902974617e+00 -1.868632432356376771e+00 -2.335640343804473495e+00 -2.033659457550361260e+00 -1.835181392331411754e+00 -1.606164125157860223e+00 -1.223582775757507068e+00
-1.543314955517020470e+00 -1.066375146892756698e+00 -1.254849680373271825e+00 -1.295886176650326238e+00 -8.536320425177250648e-01 -6.853937992111208688e-01 -1.117471887555820054e+00 -1.012527056903063105e+00 -1.085443317174426436e+00 -1.428871576334072468e+00 -9.798197546859899187e-01 -1.330638288856928808e+00 -1.236472604567223854e+00 -7.722837142006531153e-01 -6.413248589404405564e-01 -1.043165778463610360e+00
-1.629411840896353159e+00 -9.775340825124974042e-01 -9.509609534230166750e-01 -1.964911368335137354e+00 -1.113214543696674275e+00 -1.861624511005346205e+00 -1.372005100870733685e+00 -1.225684393812369155e+00 -1.256686078019680686e+00 -1.600973542832484053e+00 -1.505331098946580681e+00 -1.346243171798408911e+00 -1.399769160085996056e+00 -6.350074933358575979e-01 -8.442961917308948461e-02 -7.980140450580018863e-01
-1.175239002809000510e+00 -1.154684837731967617e+00 -1.039147364616831881e+00 -1.447712734778552335e+00 -1.603109895027162946e+00 -1.134231086424001944e+00 -8.535632791069857062e-01 -5.297404007153719840e-01 -9.717339520779024742e-01 -1.456316529330609066e+00 -7.500583760083526785e-01 -5.455172228288071024e-01 -7.214242986342869202e-01 -7.511984421848855176e-01 -5.143121612055122638e-01 -7.714205906618424313e-01
-1.141000121748223295e+00 -1.552954876552335328e+00 -1.178341729327902154e+00 -1.665209759328739825e+00 -1.662049743041686067e+00 -1.265780524004718854e+00 -1.116307875887772694e+00 -1.154152914675238284e+00 -1.116330621567305892e+00 -9.909790161861515845e-01 -5.479574127120808713e-01 -4.980502902157796230e-01 -1.333822501091723733e+00 -9.935501122315342215e-01 -1.200462401515738353e+00 -1.246967621649229585e+00
-9.486006321238329431e-01 -1.721151672647444952e+00 -1.727249074139286300e+00 -1.803144297930875606e+00 -1.535380544912626988e+00 -1.494899892826226484e+00 -1.361251850017626719e+00 -9.861484424600439613e-01 -1.202469660837409027e+00 -9.736788103625144686e-01 -1.524054640531305793e+00 -9.820813022466664544e-01 -1.046162084432961548e+00 -9.115727252229560706e-01 -6.215359656491511453e-01 -7.384652209943235457e-01
-1.354851861547020864e+00 -1.566348218822490423e+00 -1.568888819436146331e+00 -1.548883881772999960e+00 -1.363500827998965992e+00 -2.146314379913362824e+00 -1.322703049466048775e+00 -1.293628678023543532e+00 -1.021819324055822209e+00 -1.360492999610297238e+00 -1.024476577751016970e+00 -1.071947569342255102e+00 -1.073207831187800165e+00 -8.236397554613145155e-01 -9.337098318817382836e-01 -1.035111965144067225e+00
-2.037951226851883568e+00 -1.789855623881350555e+00 -1.232471863852383054e+00 -7.754043306444322603e-01 -7.391633226253986333e-01 -1.067724299610267602e+00 -1.943703401744235837e+00 -1.682370536112665516e+00 -1.764541386668130318e+00 -1.433169574991895123e+00 -9.593086383943866258e-01 -8.829234441443167825e-01 -1.055325430248105212e+00 -1.368271552342821051e+00 -1.506482638929167006e+00 -1.788291287666673668e+00
-1.785987016072303923e+00 -1.708374461577780057e+00 -1.761380937060275986e+00 -6.307623133533608595e-01 -1.126668987803634669e+00 -2.137455679426657262e+00 -1.800792740836447692e+00 -1.788182224559832889e+00 -2.199706900702347312e+00 -1.386259187531784232e+00 -1.559927989661968883e+00 -1.171428694524107916e+00 -1.174892286588472778e+00 -1.620416619184486429e+00 -1.602776372220037437e+00 -1.423213618407731529e+00
-5.970725496704862856e-01 -1.357207559875642566e+00 -1.234720245346546896e+00 -1.525242223678488163e+00 -1.696873180741659271e+00 -1.255135996976101342e+00 -1.418283309360920175e+00 -1.504437804536361112e+00 -2.039722011735916052e+00 -2.007603725150487239e+00 -1.517370562202491779e+00 -1.879846006931116698e+00 -1.407940211070309200e+00 -1.602107739427427902e+00 -1.384479781591665626e+00 -1.029012647376004841e+00
-1.156802457906006998e+00 -1.549312158805325357e+00 -2.166338553566881320e+00 -1.952274645359336924e+00 -1.799246556461768787e+00 -1.908025031095307522e+00 -2.152646644048509916e+00 -2.089414969588605508e+00 -2.871415348399233736e+00 -1.502462942023896630e+00 -1.639960768231236710e+00 -1.187082103674320877e+00 -1.154432025318026023e+00 -1.786732580260088632e+00 -1.374319503195639891e+00 -1.610931504772165290e+00
