2.906436591904950184e+00 -3.065892538922474042e+00 -3.022401813574250085e+00 -2.916287937497577420e+00 2.695360329473303729e+00 2.854672247495075865e+00 2.219133090345466908e+00 -2.972314938069320345e+00 -2.630095794698086742e+00 3.034031393711869473e+00 -2.381197740058921042e+00 -2.274267620556205571e+00 -2.680516346584298493e+00 2.228154955393078396e+00 3.089965452403641510e+00 -3.007116494308542887e+00
3.109806683132371852e+00 -3.121988709906769355e+00 2.999173601986670601e+00 -2.343531068428037933e+00 -2.962794806385932400e+00 2.092040728891460422e+00 2.212032141732638735e+00 3.091675871163076739e+00 2.860565946996584952e+00 2.825524039200940418e+00 -2.640826612340358093e+00 -2.102408782915583529e+00 -3.127550236879177881e+00 -2.323666617254640077e+00 -3.089390600166021628e+00 -2.918495223948947004e+00
-3.058852270902120640e+00 -2.811433787932008599e+00 3.043384565506880524e+00 -2.678366780794871893e+00 2.679029905097821906e+00 2.731095465232704633e+00 2.441603332834116014e+00 3.109743047772973501e+00 -3.069234112525285774e+00 -2.938249015320091306e+00 -2.307815810406550039e+00 -2.766429290721870160e+00 -2.953996422177661785e+00 -2.717228859818097586e+00 2.757670690825564819e+00 3.018502391703632881e+00
-2.535570686420840936e+00 -2.353664779299257326e+00 -2.827515720021374523e+00 2.444336239638909447e+00 -2.716490411162581164e+00 -3.097074902341309333e+00 -2.809233281442496732e+00 -2.889836911810395037e+00 3.039253814390774799e+00 3.104476649891026785e+00 -2.408727237439232560e+00 -2.664119184467029555e+00 -2.740829334126096750e+00 -3.015485644615096827e+00 2.947735902268105335e+00 3.126998811453661098e+00
-2.563517340480142348e+00 2.643747692719841780e+00 -3.106152784389225374e+00 2.866562719524767822e+00 -2.685738900789748751e+00 -2.858739361791088562e+00 3.134107712031960702e+00 -2.953507937554775253e+00 -2.511342202447731875e+00 -2.589783690071847833e+00 -2.791621713488049661e+00 -2.474501804805077310e+00 -3.122879703685132569e+00 3.102147193095435185e+00 -2.933699477158332236e+00 -3.097267742297472370e+00
-2.598684053813005601e+00 -2.613855388188218942e+00 -2.679749351526325984e+00 2.545428939051157524e+00 2.893733130173747448e+00 -3.065286211482807222e+00 2.865361986038080566e+00 -2.570499088294408097e+00 -2.676745213777485422e+00 -2.780320696905966393e+00 3.080108133900204326e+00 2.393677120986224427e+00 3.036098976051774923e+00 2.905955276823029454e+00 2.512572308087931638e+00 -3.122342913874964321e+00
-2.724044169837059215e+00 3.035811403585640722e+00 3.057230667955021630e+00 2.914326926204194645e+00 2.929049300892778263e+00 2.842220071870080744e+00 -2.342509412725475304e+00 -2.764032265819233558e+00 -2.506600546973318355e+00 2.738721854362225372e+00 -2.973287649907379038e+00 -2.974010660142123452e+00 -2.741714174979335006e+00 2.625323794128730182e+00 2.538626678416298077e+00 2.494055545310972288e+00
2.916595590278898253e+00 3.002693239030722605e+00 2.981284981934900546e+00 2.581356166295731835e+00 -3.008135164848063425e+00 2.784990610298724079e+00 -2.963570497430611184e+00 -3.060963920996127907e+00 -2.647018826007569547e+00 -2.368824754810820110e+00 -2.213721605289759697e+00 3.036874744067954879e+00 -2.740309736090749126e+00 2.606568603614420887e+00 2.859176137464048750e+00 -3.092921308162813965e+00
-3.109224480298086846e+00 2.915121727756024850e+00 -3.016681339203791001e+00 2.732482628279166104e+00 2.860680959040447835e+00 2.582980521665033447e+00 -2.436272071178303911e+00 -2.354900065050738789e+00 -2.550745550923786631e+00 -2.558015852823151803e+00 -2.920097354244421961e+00 -2.863469243689402699e+00 -2.355889364142915277e+00 -2.389459083913203052e+00 3.091697752408792965e+00 2.270805316522243267e+00
-2.973053981328795281e+00 -2.255569048321301562e+00 2.904287676442530941e+00 -2.848532259977030634e+00 -2.542803759683497589e+00 -2.998801398224799186e+00 -2.568341450334344245e+00 -1.940149363736281662e+00 -2.834247401938422506e+00 -2.923204706976320733e+00 -2.576373292720812724e+00 -1.960228844516706648e+00 -2.168383654809606487e+00 -2.537086071859468106e+00 -2.369210265518932435e+00 -3.069963867700275184e+00
-2.577175269210073782e+00 -2.327832314869711539e+00 -2.545693210528929384e+00 -2.476895187560278710e+00 -2.890359088508219987e+00 2.859103633566907998e+00 -2.887395290273693238e+00 -2.178216464399017838e+00 2.587621882761291126e+00 2.878322499368397569e+00 -2.841454393787918420e+00 -2.612190876838688780e+00 -2.132764906606213096e+00 -2.510077211842922207e+00 -2.491985303451919265e+00 -3.076505891015647531e+00
-2.852134311418528689e+00 -2.268105819934936207e+00 -2.555906582298537177e+00 -1.907651434097546561e+00 -2.670824835097833638e+00 -3.026562254365999571e+00 2.661546483790530715e+00 2.717641982518107291e+00 2.739895496693240506e+00 -3.004778141680929604e+00 -2.858279071497300983e+00 -2.890834992336235310e+00 -2.736886004964174113e+00 -2.719308713623431739e+00 2.477248238028907146e+00 -2.526509691559796877e+00
-2.225576796618923048e+00 -1.776520881672570829e+00 -2.610084338736563314e+00 -1.906082144420958580e+00 -2.760531257381088288e+00 2.315090172968332194e+00 2.202674388299715513e+00 2.514372050050674101e+00 2.555824718393183481e+00 2.970145728361266890e+00 2.679514386578038643e+00 2.907234747392540619e+00 2.345470301599593910e+00 2.761160847124235929e+00 -3.045440024398517131e+00 -1.914483370410731800e+00
2.625632457542240061e+00 -2.287572931992597702e+00 -2.588394827229005379e+00 -2.951394377016066439e+00 2.454408985785657471e+00 2.227576809092916665e+00 2.516881365754681799e+00 2.856882919292742073e+00 2.969672246008498107e+00 -2.940604114560584126e+00 2.691462068406564434e+00 3.126933350550877400e+00 2.954816786568616127e+00 3.139533202601325623e+00 -3.089207525265656340e+00 -2.402974756618054819e+00
3.101470711184227902e+00 -2.882518762999823014e+00 -2.459323821974076285e+00 2.752121307274100204e+00 2.408005897346482627e+00 1.405740851564776683e+00 2.670478479164094754e+00 -2.741100665580114448e+00 3.131098715563207513e+00 -2.906049868006204573e+00 -2.946455371332183049e+00 -2.963904971839633085e+00 -2.950649581697525115e+00 -2.441497496404982925e+00 -2.771618426962797255e+00 -2.158140645476400277e+00
-3.054353996911382652e+00 -2.577284427283960788e+00 -2.983745364939270228e+00 -2.497366466774722848e+00 2.745622260713603158e+00 1.870550990742313902e+00 2.544571489043900847e+00 2.917866870502828114e+00 -2.631475945218613166e+00 -3.115031150540477967e+00 2.828326248608106663e+00 -2.805977372552809879e+00 2.567947328746640778e+00 2.639463948376788327e+00 -2.261555133546140794e+00 -1.974178486569054369e+00
