2.826363133866482968e-01 1.706908043610598780e+00 2.257360712626560240e+00 -2.822058638760222560e-01 -1.560111536228266038e+00 -3.014641839281355096e-01 -3.634901947624560870e-01 -1.154621601428376998e+00 2.240529522019539144e+00 -2.259102763948361847e+00 -2.184384506508552537e+00 -1.686062607451575879e+00 -1.329024921905588297e+00 2.303154610360959698e+00 -3.134364113893906456e+00 1.156873983874936007e+00
1.387145540538900379e+00 8.465083038886509481e-01 1.506179761515635152e+00 5.725403463480570609e-01 -1.398179720532924053e+00 -8.637400322955636200e-01 -1.393620969657263009e+00 -3.069100182274048905e+00 1.642792970012558085e+00 -2.278194610566575129e+00 -2.187481360651059248e+00 -2.273785792966139141e+00 -2.105685536836526595e+00 2.172412523641738868e+00 2.782356266755285024e+00 1.551651634783385081e+00
7.609666739970231131e-01 7.764234613565104137e-01 1.231524770346662967e+00 2.306966021906031727e+00 1.435385766526221518e+00 2.935170150107629716e+00 3.000570585315380345e+00 7.991516330071499752e-01 2.940252538232248081e-01 -1.477441333026365156e+00 -2.378325080665848468e+00 -1.806831062774341690e-01 -9.735566660147735307e-01 1.899405881513935634e+00 2.744350131187370145e+00 2.047506037152430736e+00
2.637044736621495300e+00 -5.575296734514477714e-01 2.669614559595739234e+00 2.702421332275812382e+00 1.615950303943412658e+00 1.697685982622326728e+00 2.119967468690611589e+00 -1.181020046543059587e+00 7.001584259726288950e-01 -2.669590641330340741e+00 -1.133097552711273881e+00 -9.266926347106732020e-01 -1.139145190287458975e+00 1.864806256782375549e+00 -2.409816775114232534e+00 -2.735583120576549732e+00
2.178782898955073044e+00 2.060281149204886031e+00 2.605460130576712441e+00 2.105303319275478646e+00 9.947714823482334268e-01 1.939668761527650664e+00 1.446280330205834463e+00 -6.980419310762719931e-01 -2.861637412758818666e+00 3.112414664307083356e+00 -3.704925496072354330e-01 -2.690341447590750001e-01 -1.373773759541831785e+00 2.606300445742767202e+00 -2.170579422536408565e+00 -2.099122833723737092e+00
2.560443824080210096e+00 1.859194299601593769e+00 2.439735900625463305e+00 2.141868385284130927e+00 8.156116880228860833e-01 2.088122548481085250e+00 2.353551034409832710e+00 -6.661244422529895015e-01 -2.465608177213606922e+00 2.833211756405271231e+00 -5.166197068572566664e-01 9.998802443682400787e-01 1.305039816069744285e+00 1.952945675654675917e+00 2.436577653522703280e+00 -1.975777871863556800e+00
3.027565417908827161e+00 -2.857398916383279808e+00 -3.021109405311453333e+00 2.343204837901578852e+00 1.836723790380476506e+00 1.630953759818912552e+00 8.771429428799625283e-01 -2.042569092330726310e-01 -1.008678377191974507e+00 -2.365227970958410086e+00 1.825100625166859336e+00 1.110726077685924018e+00 1.548498658922554894e+00 7.249079856511456699e-01 2.897329799514890780e+00 -2.108498327897207592e+00
-2.584530209833513670e+00 2.881310161888351207e+00 -2.470099440556372095e+00 -2.831568577667941788e+00 2.517505286966434497e+00 2.365378791877190690e+00 3.017327772587321988e+00 -1.455585246942456557e-01 6.960044899018250075e-02 1.159954651297749662e+00 2.019654805096176897e+00 1.808166216507994806e+00 2.119634128107542370e+00 1.295806982418729048e+00 -2.510521663144224647e+00 2.641630860423303861e+00
-2.326316081845658523e+00 -2.652460397099167366e+00 -7.291623885176307107e-01 -2.750789218938536784e+00 -2.114408955213907149e+00 -2.959101051935267179e+00 2.627035302688723650e+00 1.111113793635045477e+00 1.968602976450136932e+00 2.214113268094282549e+00 1.171140382186829365e+00 1.948080756173484973e+00 2.628474584122857394e+00 1.765750665102420180e+00 -3.077034542358745295e+00 -3.102212538820337429e+00
-1.903779660836255383e+00 1.801779723830052582e-01 6.678938910007391483e-01 -2.946308036491980697e+00 -1.209215892049696345e-01 -7.936525443468251950e-01 7.023024517271614364e-02 1.680573861502280275e+00 1.861920995136743251e+00 1.257768672777787478e+00 1.929535740501603591e+00 2.827999393595393318e+00 1.169117344822743432e+00 1.874494024814197690e+00 3.024416635967468459e+00 -2.477099976889409749e+00
-2.105142679448383625e+00 -1.361836001791885797e+00 1.275654556636631298e+00 2.170293473370695114e+00 -3.090232740942698619e+00 -2.841029658774782085e+00 6.278753301838664314e-01 1.432277143491824889e+00 9.305280126289605658e-01 1.055578185467782371e+00 1.301420546070981343e+00 2.167001296406761313e+00 2.488461390869666889e+00 2.771624149212195576e+00 -2.648229209352227276e+00 -2.976857886585313473e+00
-1.391274684996083977e+00 -1.260265054782736760e+00 -5.969971297690876977e-01 4.293714110433427544e-01 -2.159801694799333038e+00 -2.483410799228525256e+00 2.834072967278562505e-01 2.044220456924413565e+00 2.007812226192862148e+00 8.460351894338231649e-01 5.110282689701575037e-02 1.612755821356092190e+00 -2.619573962389132760e+00 2.972295272335436778e+00 3.098842920973065684e+00 -2.521535150154192717e+00
-2.989254263555933377e+00 -2.237744733236309624e+00 -3.372617582651357693e-01 -2.207426818168225058e+00 -1.591940900072910559e+00 3.082551962274357127e+00 2.072030003090771455e+00 2.974069666262025624e+00 2.444546277488821584e+00 2.414093546711591820e+00 8.334580674106161213e-01 2.154119741496077545e+00 -2.956309024513973149e+00 -3.090716709216180469e+00 2.123386636737782496e+00 2.888727969282031793e+00
8.507314988168825920e-01 9.721289965930902666e-01 -3.308586701203778402e-01 -2.478760172745509138e-01 -6.266638123547140227e-01 1.629272459542843388e+00 -2.897137067635312313e+00 -2.869203558217634509e+00 2.071806477465665264e+00 2.360160095140128700e+00 2.008328787433526053e+00 2.243868965715796193e+00 1.599500365193546880e+00 1.295791594905467026e+00 2.159218987272318202e+00 5.988198804103046502e-01
-5.701047865875028542e-01 5.818271645159397432e-01 5.479710263090894345e-02 2.847875644918523852e-01 -7.119575291647657345e-01 -2.159081002083052425e+00 -1.384053497211240158e+00 2.286994617534121588e+00 2.426440167627276878e+00 2.849730900810142131e+00 -1.664926614585039433e+00 1.851173294422734372e+00 1.875879541555017127e+00 1.659181016059816827e+00 3.046518829735553879e+00 -1.397191360485349199e+00
1.696722669839391961e-01 1.035353124576469386e-01 3.864455276303056519e-01 4.710984428512042799e-01 -1.484742219044668632e+00 -9.503138154428503181e-01 -1.433096386745609463e+00 2.196550878908166915e+00 8.945540697654561502e-01 -2.087153602983125023e+00 1.417187035067416057e+00 1.381796219746741050e+00 2.015569391605785743e+00 2.063267076153724844e+00 -2.621545261835369178e+00 -1.327729476694914590e+00
