1.157039439413565018e+00 1.661513236434860596e+00 1.444452652832181050e+00 -3.029674409238598543e+00 -2.781556039254924784e+00 -2.959507835949385157e+00 2.366049605219640029e+00 2.629473658055203167e+00 2.780307008391833978e+00 1.976132160448649477e+00 1.888076339579242591e+00 3.063273197840123974e+00 -3.017781356471008980e+00 -2.899689076541581478e+00 2.188093560188272058e+00 -2.968153671930586768e+00
2.392007580492086394e+00 3.084705492233013491e+00 8.233776687757166091e-01 3.033633506707671401e+00 -2.833692829061602581e+00 2.552784227962073160e+00 -1.524403865933932956e+00 2.222969804277461048e+00 2.250505076843115404e+00 2.491425050552693587e+00 2.161643456580448763e+00 2.630104078395315792e+00 3.022441643257102850e+00 2.974157415397807203e+00 1.782512715336848297e+00 2.021090124151923018e+00
2.552810916763061488e+00 1.665955168670354425e+00 2.787477050104272269e+00 -2.454936734734693982e+00 2.531818583377934750e+00 2.813888620269950902e+00 -1.945967631986952329e+00 -2.730673692926397500e+00 2.080135578282706899e+00 2.547794526407146432e+00 -2.608253559698837432e+00 2.821199151643556391e+00 2.704851164994713120e+00 2.374918352781142605e+00 2.479811751684546817e+00 -2.985336861837057043e+00
2.462325963762764136e+00 1.762853977509212688e+00 1.965631246649904629e+00 1.965686835661820675e+00 2.133857666365703398e+00 1.655730838860645093e+00 1.805556523257438650e+00 2.800908596607431633e+00 2.840415782607399020e+00 3.039910097866377114e+00 2.255081442112147450e+00 2.756395101847418427e+00 2.193803495924008917e+00 3.092822064971507690e+00 2.600298551447615569e+00 2.441065467324071481e+00
1.968108873190911101e+00 -2.889645645999483481e+00 2.450031545329969696e+00 2.033493589172014726e+00 1.778258652703422982e+00 1.474672305888678592e+00 2.106292923325014055e+00 1.811917724068782265e+00 2.978661306008130172e+00 2.596914331303267431e+00 3.096429388427937468e+00 -2.633131502937732016e+00 -2.503222614213377550e+00 -2.715564068525987196e+00 2.385683957305842817e+00 2.102834340460980833e+00
2.591865470224880674e+00 2.114792814497902018e+00 2.976910593857857723e+00 2.637410390722282116e+00 -2.656260487369277445e+00 1.517559509070645740e+00 2.616649649121657095e+00 -1.132155873872849217e+00 -1.875078254312540604e+00 -2.513091746545279115e+00 2.310656883599571554e+00 3.054985691678501869e+00 -2.392014350122575461e+00 1.751532576851820622e+00 2.439016842502633065e+00 2.258804572981233161e+00
2.516125002621888207e+00 2.313155372416279665e+00 2.827232720163929347e+00 2.201330910090324888e+00 2.089330651689627505e+00 2.260409116771244786e+00 -3.042253166018726862e+00 -1.789275631866478866e+00 3.750032558356422574e-01 -2.912904938046959602e-01 -9.481104102515466314e-01 -1.602855701972816238e+00 -1.263705475386932120e+00 2.640085952701882288e+00 2.893386874727510882e+00 2.778518825493120126e+00
1.969678375724755792e+00 1.700777757535330004e+00 2.499264736360795158e+00 1.294987322596550028e+00 1.284547487543653776e+00 2.307272799362510174e+00 1.853547619721513939e+00 -2.332784940816081232e+00 -4.927157540724015350e-01 -6.285174702815617964e-01 -6.717005870277990009e-01 -1.174458813580500527e+00 3.089254870867909730e+00 -2.884999496966849986e+00 -2.068404767690521062e+00 2.489451001259535445e+00
1.938965224392348752e+00 1.878125964247332025e+00 2.089920281782826184e+00 2.123319703699687810e+00 2.224304812071681958e+00 2.097116142721318077e+00 2.042999766209194323e+00 3.110352149086691220e+00 -2.102870634904494551e+00 -1.334030308612512039e+00 -1.676862136254057001e+00 -1.156778419662541468e+00 -2.928877138976758943e+00 -2.556206455687160872e+00 2.881072738591097249e+00 1.427169699268155734e+00
1.445569194789418033e+00 1.751329033513028488e+00 2.488128639928030239e+00 -4.351100530112287923e-01 1.391853546784609597e+00 1.846960713783849517e+00 3.487606233828924318e-01 1.126642818083250785e-01 -1.122492431144539227e+00 -1.739240243866481572e+00 -1.445737291646702616e+00 -1.567271276811558867e+00 -1.907306264247281335e+00 -2.814478971613359803e+00 2.486330607483076882e+00 1.391895795238972333e+00
2.727367667364719583e+00 1.755784955883029408e+00 2.115324605770307009e+00 1.667475919129685513e+00 1.066577797152234108e+00 1.256861755708317485e+00 1.236599105012825328e+00 1.461453549744654801e+00 2.269972732907160395e+00 1.849784008193361196e+00 2.198531664415720677e+00 -2.469044484292122199e+00 -3.141097256690045914e+00 -3.035601526688499696e+00 2.220214526175481318e+00 1.373787770524559582e+00
3.053445408239348069e+00 1.296383524211147220e+00 1.763454101790288941e+00 1.810504850317507852e+00 1.370907429121590804e+00 1.543928114167561594e+00 8.451941136183936942e-01 1.114332604341963240e+00 2.594451896718100947e+00 2.986519254659364186e+00 2.675905402370554853e+00 -1.906705863285526492e+00 2.826466760584082305e+00 2.165666580544038933e+00 1.194965208274892499e+00 2.592568941795644566e+00
2.596322936840342432e+00 2.664165099525718006e+00 1.835184453233517976e+00 2.487067470884386289e+00 2.342256981024462004e+00 1.586819413974474235e+00 2.559953811459921180e+00 1.936479277100611629e+00 2.677285278427214976e+00 -2.758133027237192003e+00 2.785876960847497585e+00 -1.326617244832372755e+00 2.944492214496840621e+00 -2.593498736500701618e+00 1.408869595342918446e+00 1.787161004508499129e+00
1.221707601425284118e+00 2.612012979043971228e+00 1.793119824916266314e+00 2.564826626618300409e+00 -3.042943663910312679e+00 2.776923468942103845e+00 -2.540968471385113947e+00 2.284604720969274805e+00 -2.073252243156376018e+00 -2.724960358445896791e+00 2.529417202596792258e+00 -2.352578201179896578e+00 -2.831732911422422561e+00 -2.703453539831064845e+00 1.268095116415450585e+00 7.305991234553355085e-01
2.563490631741270676e+00 2.265243519253581361e+00 -3.138007166561432193e+00 -7.405942406234935493e-01 -2.914206500995668137e+00 2.836873979319832095e+00 -2.048927974593730106e+00 -2.577103746757565705e+00 -2.635850702557365199e+00 2.615943234796355377e+00 2.104460435918569683e+00 2.659178556748917899e+00 2.100837623347335370e+00 2.852168588287269380e+00 1.416133727691555322e+00 1.602644611126916363e+00
2.164711466318296029e+00 1.519010779560755919e+00 2.791532899327137329e+00 -1.447043397259372366e+00 2.845430547165590518e+00 2.928023675996803910e+00 -2.551698547855146160e+00 -3.109532751700293307e+00 -2.623186331816643069e+00 -3.133954603537993044e+00 1.541129675105416874e+00 2.378611356378478092e+00 1.592178723923493244e+00 2.011520141130775929e+00 2.571327683572646183e+00 1.475487332678016683e+00
