-5.949007144089059063e-01 -6.654065897828025378e-01 -3.631367717950940155e-01 -3.019953864351622441e-02 2.170920109677702825e-02 2.853792603415392648e-01 -4.798395967748687874e-02 2.860612531310274820e-01 8.092768946662309837e-02 1.981859356990308685e-01 -3.563348097345536702e-01 4.306999485577574227e-02 1.101700200314998102e-01 5.421311029964762801e-02 -2.174842185289415086e-01 -8.407974093192398524e-01
-1.077688835398550760e+00 -8.045531493583132354e-01 -4.136196531602310267e-01 2.670139650880561377e-01 7.910980983270674005e-02 -1.294848089875941244e-01 3.091316517158582133e-02 1.351961259736552678e-01 2.783928791817233406e-02 1.321139501787308990e-01 -7.517875989053748875e-02 5.050798626070122227e-02 1.438085763764355152e-01 2.725196318621662117e-01 -1.407114795149496111e-01 -7.221332153936189657e-01
-1.138452116329952579e+00 -5.600160820399864292e-01 -3.993282183798843032e-01 1.404465796078265827e-01 2.457233147981053023e-01 2.013203905560155826e-01 5.125459241165871704e-01 9.687144598308055077e-01 3.545791864710943764e-01 2.646845065584831347e-01 1.470428792635659621e-01 -7.444110633640127483e-02 -1.551167068606048305e-01 2.912149788000180720e-02 -4.488692356468280686e-01 -4.844493805424039401e-01
-6.103115331063240223e-01 -4.150160761252548181e-01 -2.073387734468947197e-01 -2.974888562414099158e-01 -1.685571811533226050e-01 -2.416821092297333912e-02 4.265443239699556188e-01 5.882963758009128741e-01 6.472390704504282777e-01 -1.343162657535789672e-01 -8.559725180129817979e-02 1.956726086100876380e-02 3.824058838739725213e-02 2.702591513514301935e-02 -1.231697104780772878e-01 1.186499758605013373e-03
-3.704402262879466501e-01 1.754009332929441223e-01 -8.873029757157009645e-02 -2.863299885528554634e-01 1.640299085394870959e-01 7.686465324973968949e-01 4.125368307931937539e-01 1.366067369110477714e-01 1.980183293294738300e-01 -3.619569651442513386e-02 -1.809879417661744150e-01 6.181803251605275801e-02 4.861613651568368888e-01 2.281641904420253220e-01 -6.792753131953434276e-02 -3.486061425464245106e-02
-2.320411700576118508e-01 1.061184222400662729e-02 -8.405005987735519879e-02 -5.153196235689757460e-02 -1.541993053764222944e-02 5.177986067282250859e-01 4.959614761882604195e-01 3.836162187842357407e-01 2.927456629525609921e-01 -2.158799417629139045e-02 -1.443961264367366881e-01 3.538834762975456849e-01 -4.272625808647908530e-01 1.076421502396425339e-01 5.086673456282274630e-01 2.672527290731993022e-01
-3.373360534301028668e-01 -1.777733200634258603e-01 -1.740198755611454262e-01 5.148060974109967131e-02 1.327114339058056147e-01 6.114106173488128571e-01 6.126123752370015163e-01 4.971484282875736072e-01 4.733501372154889086e-01 -7.483246015303961218e-02 9.073188308383097964e-03 1.055874136481406295e-01 -9.115008359767454160e-02 3.947881378654597984e-01 3.138082959696766872e-01 7.988506518355814601e-02
1.137174772294402836e-01 5.338498057523741874e-02 -9.507463632344724525e-02 -2.234217550360654558e-01 7.656593730517178599e-03 6.891859742276439105e-02 3.768326138419110516e-02 4.274978692972976058e-01 2.789887128315619025e-01 2.710731578438904665e-01 -2.166383877773953304e-01 3.179724434040630959e-02 3.900294805258113784e-01 6.537255508929573633e-01 1.190812868519293688e-01 1.742343857662756804e-02
1.149942458389913436e-01 2.367220265671995116e-01 -2.840307161082736842e-01 -1.420524448736488476e-01 1.572846029853933458e-01 1.034282352387709408e-01 6.126222219514036900e-03 3.301162298928119188e-01 1.996634292945659583e-01 2.860393736613270899e-01 2.805744104276459983e-02 -7.277572713506927360e-02 1.488865971849270831e-01 3.659815332180631486e-01 1.173005003730828860e-01 -6.174346090714315227e-02
1.972666137754869597e-01 -7.560591472827589421e-02 -1.230826016305603676e-01 2.624761317793266810e-02 1.155825910254942440e-01 3.786172816452358925e-01 -2.139435482050021375e-02 1.317376092558599221e-01 5.538638630700289112e-02 6.569819308953095405e-02 1.133550661633628276e-01 -1.201793751944421063e-01 -3.215143484628651266e-02 -4.586049546244259922e-02 -4.854549729705990441e-02 -1.049793021621075600e-01
-3.694534189564006588e-01 1.534991422102352510e-01 9.468737859386924804e-02 -2.217974905501886584e-01 -1.313905415013484901e-01 3.730338333250383664e-01 -5.282829955483070439e-02 -1.039161444970218701e-01 7.014912932796882328e-02 7.182136609933673088e-02 4.350504107583367391e-02 4.612853947281864153e-01 -3.200815157448083648e-01 2.687234558164615095e-01 -3.780046655100008368e-01 -1.628185468899641386e-01
-1.034912071254413396e-01 -1.724687723902312841e-01 -3.073633693721503635e-01 -8.168979481344754157e-02 9.124401425853906344e-02 -8.613089697359171959e-02 -1.483691542327500723e-01 -6.476927546883955167e-02 -3.448962076697449919e-01 -5.146793789471827002e-02 -1.461390514797256401e-01 3.612954013481367022e-01 -3.897217457061367130e-01 -5.003514312804045738e-02 -2.473195561818338634e-02 7.424425595079179319e-01
-6.805171074252633345e-02 6.640821455906052717e-02 -1.445414876137114391e-01 1.154882765833426944e-01 3.007502345255158027e-01 6.409970089795769856e-03 -6.168839821946083685e-02 -4.852603560317590436e-01 -1.079251975362526539e-01 -4.485042615426499957e-01 -5.821586197158308273e-01 -1.269991601792953284e-01 -5.235534816214554299e-01 -1.605996612266730739e-01 -1.403662733607020799e-03 5.325928135432784760e-01
-2.910594992773233858e-01 -2.661423683070293089e-01 -5.189560852208315866e-01 -6.163978265569778348e-01 1.099964380899857465e-02 5.977340450035174835e-02 1.749541211739145397e-01 -3.467957497560473223e-01 -3.965070427322602842e-01 -3.668294551965939343e-01 -1.987380193292717090e-01 -5.369079090865111481e-02 -3.043103176286182654e-01 -1.930866336500002278e-01 -1.678539151417433872e-01 -4.715570285461199718e-01
-1.420440688934989093e-01 -3.150372590266751205e-01 -6.778589804053882784e-01 -2.961954791807347442e-01 -1.154555388862922409e-02 -5.860106360675903375e-02 5.074351126941185619e-01 -3.045406891807690974e-01 7.263922528649552346e-02 -1.982191993262347185e-01 1.570102125065774568e-01 -1.416193761921405170e-01 -1.309215477558028640e-01 -1.508838321755773815e-01 -5.933152037013088298e-02 -2.768152260543407239e-01
-4.117490949074099627e-01 -4.585439479760918258e-01 -1.937246160854511901e-01 -1.389641306430551837e-01 -1.683155053102606546e-01 -1.123509252152500720e-01 3.856682767272424095e-01 -6.806854365481884717e-02 -9.854584554914870564e-02 -3.558584475964977623e-01 -6.749132503200219735e-02 -2.100443646288658317e-01 2.127742748507811810e-02 -2.743680522463189941e-01 -3.870432876845880665e-01 -1.253709539142500995e-01
