1.000000000000000056e-01 -1.949526922615479663e+00 1.914338974273732457e-03 9.750671179361845020e-01 2.241629678545464799e-04
1.140000000000000041e-01 -1.942215888724855510e+00 2.147958478193737804e-03 9.712802421498323291e-01 2.532546135512565790e-04
1.280000000000000027e-01 -1.934826891410781124e+00 2.076333858726199175e-03 9.677140504389429854e-01 2.948526924249905701e-04
1.420000000000000151e-01 -1.927624421498245200e+00 2.131554358464591258e-03 9.642391799549341336e-01 3.080415956014921175e-04
1.559999999999999998e-01 -1.919854790425566504e+00 1.982941886171964152e-03 9.607338797279191267e-01 3.202620296930499709e-04
1.699999999999999845e-01 -1.913059867144404125e+00 2.075984270240550759e-03 9.572443458622085233e-01 3.569257080801743710e-04
1.839999999999999969e-01 -1.905910634738150922e+00 2.175158973359866618e-03 9.534418983580511542e-01 4.184602161974944248e-04
1.980000000000000093e-01 -1.898354548417438892e+00 2.149437130272861211e-03 9.495021344412205577e-01 4.751891472896433116e-04
2.119999999999999940e-01 -1.890560640955271099e+00 2.284746551230706305e-03 9.458245383156911323e-01 4.988082646682270036e-04
2.260000000000000064e-01 -1.883706263392651792e+00 2.118488889990590741e-03 9.426546129731988577e-01 5.029084187989473886e-04
2.399999999999999911e-01 -1.876397151254028062e+00 2.137423282109258103e-03 9.387371990331241367e-01 5.338277515841890466e-04
2.540000000000000036e-01 -1.869438282572012389e+00 2.183086304499667115e-03 9.349848672434388774e-01 5.761138388868621615e-04
2.680000000000000160e-01 -1.861071904683460509e+00 2.118827370765165741e-03 9.313757679357137498e-01 5.837015135223335436e-04
2.820000000000000284e-01 -1.853429819192954131e+00 2.123352756949881907e-03 9.270408793226443400e-01 5.975593011449309346e-04
2.959999999999999853e-01 -1.845499414720960019e+00 2.241370734886197810e-03 9.234232647505341562e-01 6.556907058051696319e-04
3.099999999999999423e-01 -1.838644558030151810e+00 2.207361833934298051e-03 9.211131631447513346e-01 6.447795491146896462e-04
3.239999999999999547e-01 -1.830691583455793525e+00 2.189672242776466611e-03 9.164339261876468523e-01 6.898450726071045933e-04
3.379999999999999671e-01 -1.822258741484065858e+00 2.312249432934701705e-03 9.119884023179760657e-01 7.537620524969934578e-04
3.519999999999999796e-01 -1.814405248383637481e+00 2.327141121036917486e-03 9.083031284637971270e-01 8.294845113847820837e-04
3.659999999999999920e-01 -1.807384581179110050e+00 2.260699888539903675e-03 9.048934037378352224e-01 8.088420504942851232e-04
3.800000000000000044e-01 -1.799562790869321471e+00 2.300283476332144490e-03 9.009057492892134089e-01 8.049317453532498726e-04
3.940000000000000169e-01 -1.791033696209315851e+00 2.215765014323877336e-03 8.962377134145377289e-01 8.827107820912407114e-04
4.079999999999999183e-01 -1.784599211383760542e+00 2.207266010410548120e-03 8.939930458785562140e-01 8.709774812814118517e-04
4.219999999999999307e-01 -1.775441240827881906e+00 2.386191912665534473e-03 8.886396194460554065e-01 9.939610265108211190e-04
4.359999999999999432e-01 -1.767870816973813541e+00 2.343175134820948101e-03 8.848454860569833214e-01 1.041496235137889022e-03
4.499999999999999556e-01 -1.758724840307229087e+00 2.262738974237969193e-03 8.800620634466371772e-01 1.031490829423010883e-03
4.639999999999999680e-01 -1.750134990773490884e+00 2.342483848778247144e-03 8.768432376459739386e-01 1.048138009434720474e-03
4.779999999999999805e-01 -1.742601902576133233e+00 2.260578620133671477e-03 8.717412833190979482e-01 1.139706626652427311e-03
4.919999999999999929e-01 -1.734327268802423605e+00 2.336297364802819229e-03 8.687122310853419016e-01 1.053296179822945169e-03
5.060000000000000053e-01 -1.725829226067564282e+00 2.381991671505456244e-03 8.636938280181241101e-01 1.207894329393803621e-03
5.199999999999999067e-01 -1.717717223422102313e+00 2.447328834426254571e-03 8.602793883836178379e-01 1.146772343214116528e-03
5.339999999999999192e-01 -1.708876506554651176e+00 2.364971343783291331e-03 8.548897408709728030e-01 1.221497016705633612e-03
5.479999999999999316e-01 -1.700430873190201586e+00 2.385368851210683660e-03 8.513233406127240777e-01 1.273760937437080736e-03
5.619999999999999440e-01 -1.692205130997381568e+00 2.428641277534474615e-03 8.466483175426077201e-01 1.299635081258320975e-03
5.759999999999999565e-01 -1.683699354977240104e+00 2.446454496560348645e-03 8.432422297036044068e-01 1.312560722132918075e-03
5.899999999999999689e-01 -1.675787159138832472e+00 2.503260916828034706e-03 8.388675278023097759e-01 1.385407822308578609e-03
6.039999999999999813e-01 -1.664614380366478796e+00 2.484749237148521379e-03 8.329360061893840150e-01 1.439980716074637512e-03
6.179999999999998828e-01 -1.655429577069746694e+00 2.651014975058589140e-03 8.288062691327579001e-01 1.463181480690060269e-03
6.319999999999998952e-01 -1.648042887079175234e+00 2.561160967227540074e-03 8.237584172726204468e-01 1.618484243125376063e-03
6.459999999999999076e-01 -1.639002039141881584e+00 2.577573809331356811e-03 8.202343416334432202e-01 1.547188920232147333e-03
6.599999999999999201e-01 -1.628704053576489619e+00 2.679958093475155213e-03 8.152849718305491544e-01 1.658187171022288764e-03
6.739999999999999325e-01 -1.620706657807692963e+00 2.712456752963443140e-03 8.094302556318507813e-01 1.716859686147137421e-03
6.879999999999999449e-01 -1.608480277863853836e+00 2.780412657711935163e-03 8.052384870556522634e-01 1.765453316030372172e-03
7.019999999999999574e-01 -1.599432745483540863e+00 2.759233776237620013e-03 7.992345232254285392e-01 1.883759510378386079e-03
7.159999999999998588e-01 -1.589480254453269792e+00 2.749200662238723315e-03 7.941399120788387167e-01 1.855954159165258601e-03
7.299999999999998712e-01 -1.580550355676713314e+00 2.999545912360672851e-03 7.898350523502161158e-01 2.005752216005670784e-03
7.439999999999998836e-01 -1.572075091734848495e+00 2.801329354554796085e-03 7.852948766944652936e-01 1.995729556275612718e-03
7.579999999999998961e-01 -1.558840237175807442e+00 2.901487636034531803e-03 7.789231050017202396e-01 1.979760995056859072e-03
7.719999999999999085e-01 -1.548206320423526794e+00 3.049792420310558447e-03 7.721060888611148698e-01 2.178465865730336466e-03
7.859999999999999210e-01 -1.538177781969670255e+00 3.239441554188968175e-03 7.681765960080113587e-01 2.090941523089459141e-03
7.999999999999999334e-01 -1.526244302501561734e+00 3.338245285638280924e-03 7.613013048255263815e-01 2.331777637042814488e-03
8.139999999999999458e-01 -1.517125060186366392e+00 3.165544543463560349e-03 7.553769873385349776e-01 2.396784844583186268e-03
8.279999999999999583e-01 -1.504721592574754130e+00 3.381588697052273582e-03 7.477997854758355878e-01 2.662638335908984813e-03
8.419999999999998597e-01 -1.493406321806707293e+00 3.364297008348898863e-03 7.421693480204225590e-01 2.684465886590021912e-03
8.559999999999998721e-01 -1.479686039398594444e+00 3.455086814470730884e-03 7.351621348608867734e-01 2.798039746972316895e-03
8.699999999999998845e-01 -1.469111515836260429e+00 3.548487395056869505e-03 7.272187345705395378e-01 3.225860886879339598e-03
8.839999999999998970e-01 -1.456933106136112377e+00 3.786044180164722245e-03 7.215274895643931652e-01 3.411402738766214880e-03
8.979999999999999094e-01 -1.442205140890708837e+00 3.739801780001144032e-03 7.118790508667878214e-01 3.614100569553145830e-03
9.119999999999999218e-01 -1.429456423516176855e+00 4.021541134317641215e-03 7.033834298572160248e-01 4.068130485722476659e-03
9.259999999999999343e-01 -1.413197555797554017e+00 4.234354967822184443e-03 6.929634089642255912e-01 4.485231138827917158e-03
9.399999999999998357e-01 -1.397166042888297266e+00 4.412427380093228609e-03 6.826173953876373268e-01 4.865975729328182731e-03
9.539999999999998481e-01 -1.384410985368321745e+00 4.463085794293050919e-03 6.728954824516685251e-01 5.437904868640528779e-03
9.679999999999998606e-01 -1.372478057568207177e+00 4.475915048645933217e-03 6.628998166235432477e-01 6.341654374181032901e-03
9.819999999999998730e-01 -1.355578184607173275e+00 4.792553198831417220e-03 6.509666011947484732e-01 6.853951708389434405e-03
9.959999999999998854e-01 -1.334115446328574484e+00 5.025687565240455172e-03 6.337404482385138316e-01 7.882911155325439401e-03
1.010000000000000009e+00 -1.317058332261568321e+00 5.139092693811186940e-03 6.169271926288043550e-01 9.669785390021163121e-03
1.024000000000000021e+00 -1.295900310605785588e+00 5.458140912845474771e-03 5.978695901299294624e-01 1.154893753243981663e-02
1.038000000000000034e+00 -1.280028815379981921e+00 5.579594447916812368e-03 5.873545617913464856e-01 1.133377391224028863e-02
1.052000000000000046e+00 -1.256575733081797930e+00 5.576180462762479403e-03 5.644141473776637108e-01 1.266737950745213531e-02
1.065999999999999837e+00 -1.238303540259011681e+00 6.029615034134959937e-03 5.443214304549400806e-01 1.474601746786359004e-02
1.079999999999999849e+00 -1.219199082797652212e+00 5.776506159746618539e-03 5.231434499145641848e-01 1.578688513323701567e-02
1.093999999999999861e+00 -1.194297836884716801e+00 5.988002873262953350e-03 4.956420235184615386e-01 1.732626261671417131e-02
1.108000000000000096e+00 -1.175207221813984626e+00 6.252044280422722373e-03 4.768092172126132677e-01 1.794396405242100825e-02
1.121999999999999886e+00 -1.155979737467371260e+00 5.693406771875316949e-03 4.562134089605818232e-01 1.734301292202278244e-02
1.135999999999999899e+00 -1.137042535622069694e+00 5.823397059516969600e-03 4.353586879387140729e-01 1.831340470846172172e-02
1.149999999999999911e+00 -1.115897690613172122e+00 5.692349047652859283e-03 4.109647913143911757e-01 1.813270709921920715e-02
1.163999999999999924e+00 -1.094772346346228664e+00 5.458356180689309146e-03 3.906010370880655946e-01 1.793690392996344710e-02
1.177999999999999936e+00 -1.077959277110101421e+00 5.239807974447691780e-03 3.754017769735408239e-01 1.770648125445495324e-02
1.191999999999999948e+00 -1.062325426363439407e+00 5.129984130606729184e-03 3.553429018208062451e-01 1.730062333974886554e-02
1.205999999999999961e+00 -1.038991385786196098e+00 4.802746464129123254e-03 3.406367889938973215e-01 1.601674599558861392e-02
1.219999999999999973e+00 -1.022062885476658245e+00 4.712896494870590959e-03 3.217143204161276304e-01 1.500631941288987740e-02
1.233999999999999986e+00 -1.008501151141836250e+00 4.444723399465522543e-03 3.101968658192058026e-01 1.460686589547541790e-02
1.247999999999999998e+00 -9.904833881150300057e-01 4.337812931798900977e-03 2.921217182434326376e-01 1.377431821526609902e-02
1.262000000000000011e+00 -9.744020447636532190e-01 4.316683206112480360e-03 2.797646377200906365e-01 1.288105057424749136e-02
1.276000000000000023e+00 -9.630303958661754482e-01 4.061187375106607191e-03 2.716465257409006462e-01 1.226879476891137681e-02
1.290000000000000036e+00 -9.483940321848142174e-01 3.871341334272448195e-03 2.647010203899212710e-01 1.161856411291441876e-02
1.304000000000000048e+00 -9.338688801710449683e-01 3.814212500729160377e-03 2.501096400098249961e-01 1.090117835525080368e-02
1.318000000000000060e+00 -9.193383366342677832e-01 3.709532998062282753e-03 2.437323013191241838e-01 9.930249037741416263e-03
1.331999999999999851e+00 -9.092383915727288990e-01 3.736792836438514436e-03 2.362901414737285377e-01 9.612774365179953262e-03
1.345999999999999863e+00 -8.928324972174864760e-01 3.439040282295889334e-03 2.274354720341082992e-01 8.824031498366651308e-03
1.359999999999999876e+00 -8.787636267414417057e-01 3.362545627852374461e-03 2.206900001370755426e-01 8.485930480904855036e-03
1.373999999999999888e+00 -8.710296821011869195e-01 3.286317673498876431e-03 2.148218677074093252e-01 7.859496051975830427e-03
1.387999999999999901e+00 -8.624483014420603055e-01 3.125796745081086368e-03 2.118202934894300726e-01 7.529237724770805260e-03
1.401999999999999913e+00 -8.463401855829515430e-01 3.122935432665564261e-03 2.044319396928898913e-01 7.290488849151328596e-03
1.415999999999999925e+00 -8.367453366633835765e-01 3.044281874180892848e-03 2.001742648901063404e-01 6.742747900978014741e-03
1.429999999999999938e+00 -8.261623167724139183e-01 2.846282238005631588e-03 1.946666298523850036e-01 6.269108015504443014e-03
1.443999999999999950e+00 -8.158018945474559969e-01 2.872709375345839245e-03 1.890825381426861629e-01 6.143474851656082793e-03
1.457999999999999963e+00 -8.054780761896630503e-01 2.790413254352672005e-03 1.838172962102088692e-01 5.830964240369941078e-03
1.471999999999999975e+00 -7.978661025453118727e-01 2.765003179625481842e-03 1.808302000820073696e-01 5.543538414608694363e-03
1.485999999999999988e+00 -7.849380620861154956e-01 2.655042388622384526e-03 1.759781027107852058e-01 5.193148171025338718e-03
1.500000000000000000e+00 -7.788947201845339841e-01 2.656488138626696312e-03 1.743944728829962265e-01 5.173136931042492288e-03
