-8.335314236343386307e-01 -4.221577616841695191e-01 -2.504811837405773178e-01 -2.005032654405534687e-01 -5.631803377105724234e-02 -1.503477874646251544e-01 -1.504043872460442133e-01 -1.516314039344593689e-01 5.665529222527487807e-02 -4.235587856384416539e-02 -6.391593462617982391e-02 -2.001404426247420376e-01 -3.986344809964457725e-01 -3.032380064581548518e-01 -3.887770651828185153e-01 -5.242264839430867962e-01
-7.088364122839468928e-01 -8.238342201348284322e-01 -6.160563455336260930e-01 -2.719638693364002102e-01 -3.740594648909456588e-01 -5.937352674044161539e-03 5.996398686584234134e-04 4.478044740248966066e-02 2.476789447399939947e-01 1.461859454254478274e-01 3.079265901336347144e-01 -2.032834377973188333e-01 -9.286310864349464622e-02 -4.047106928282368510e-01 -2.788524400501630196e-01 -5.862231215770795645e-01
-8.761008448931365544e-01 -8.351601839107136716e-01 -5.853919392444033587e-01 -5.143808030325157654e-01 -2.429207898000749766e-01 -1.522570372678392070e-01 -7.022963617484261761e-03 -1.741734720812441461e-01 2.199326802475485426e-02 -6.356735627516641590e-03 7.948027778741695304e-02 -9.087284046586863173e-02 -3.444059985310202743e-01 -6.023892980492184801e-01 -5.841130761025324913e-01 -5.071304907197854428e-01
-7.900731407900277725e-01 -5.022521852701410383e-01 -5.464689506448245915e-01 -4.571175070991906342e-01 -2.652422215403530403e-01 -2.716051278716662964e-01 -1.408213584834225041e-01 -2.533113405762646431e-02 -2.828337623454759142e-01 -3.893656191527378740e-01 -1.143141834537338697e-01 -1.053177156515877205e-01 -6.024714314539427740e-01 -6.577584809773654451e-01 -7.204894152763130499e-01 -6.370961530578440613e-01
-2.433018207959431189e-01 -4.443520832509773033e-01 -4.277593847550689166e-01 -1.754536554615177268e-01 -1.936632855013559196e-01 -3.531694375977562084e-01 -3.930274339972169018e-01 -3.208106116975747435e-01 -2.123617052128100036e-01 -7.007060138078127220e-01 -2.500431439415736756e-01 8.954296049206579566e-02 -1.949846851181150087e-01 -7.648765366747133365e-01 -7.190754135737830177e-01 -4.933777101516968466e-01
-4.883436868097753569e-01 -5.967846373945160376e-01 -6.012443084203847876e-01 -3.782596034898532134e-01 -7.935335773909463208e-01 -5.087971544989513539e-01 -5.711477733874024132e-01 -6.372451522255829781e-01 -5.609689115403547754e-01 -6.850097927757357041e-01 -3.509527282416785021e-01 -1.443087460994011972e-01 -3.713161196485216253e-01 -6.296083420693215915e-01 -5.521063573268321090e-01 -4.511775619114302693e-01
-4.698010128437151711e-01 -7.481574088302683778e-01 -6.052545101324297017e-01 -9.210285235915219859e-01 -9.798239709568143940e-01 -5.533839677751616337e-01 -6.979708483694558874e-01 -3.594229313499789913e-01 -3.164657842748180294e-01 -6.048142058935765952e-01 -3.667525476654850403e-01 -7.717324184617976868e-02 -2.997021422464387075e-01 -6.920436609815087126e-01 -6.901873914356744244e-01 -5.578635352854585117e-01
-8.344975635921512147e-01 -4.639387761809739552e-01 -6.820662216938120359e-01 -9.092883529126006836e-01 -3.110409368682935383e-01 -4.586651665590629201e-01 -4.137826150889108989e-01 -5.217694540673006864e-01 -3.891128365269095335e-01 -7.336209633515818895e-01 -5.135875936049665302e-01 -2.520290113821795908e-01 -4.607292737804976612e-01 -5.742499880288760572e-01 -4.073942986101305452e-01 -5.876204145004734203e-01
-6.478939115591449971e-01 -4.076344388616043313e-01 -6.376829508719944473e-01 -9.136403112903078716e-01 -4.572553687533321143e-01 -8.696316051924666279e-01 -8.745575076087839239e-01 -7.636205497177949164e-01 -2.029473347489761659e-01 -5.568576361681990550e-01 -2.579552899326996163e-01 -1.277630885310215569e-01 -1.866872038097892039e-01 -2.882389316786043154e-01 -2.371805736407518184e-01 -3.314016387070003455e-01
-6.577993562679106399e-01 -1.839434154891398665e-01 -3.667978891109623385e-01 -4.816217738980072549e-01 -7.928654676744943952e-01 -8.224790906848793437e-01 -9.600174347764787175e-01 -7.101477225572314644e-01 -5.562423261990679935e-01 -4.762588136760342317e-01 -6.149193095927609765e-01 -5.331563691453353737e-01 -4.566998508178633509e-01 -3.044490222549757208e-01 -2.341369842734964679e-01 -5.597571151699907155e-01
-3.311114450316209878e-01 -3.487392158931890140e-01 -4.373445169359745366e-01 -6.323885768271578778e-01 -8.126928192745467294e-01 -7.332820431425860486e-01 -4.816991976114596841e-01 -8.336140960184283966e-01 -8.169162424490129526e-01 -2.002443669993710651e-01 -2.408716923287080591e-01 -1.823607457296116396e-01 -1.464828647070796352e-01 -1.285642710767308516e-01 5.477565407291258223e-03 9.217228118154806304e-02
-3.737498304003694649e-01 -4.002210098452284037e-01 -1.787727783405080317e-01 -3.222542810210838882e-01 -6.897149922593596161e-01 -8.551701374498509312e-01 -5.158681423577010650e-01 -9.112395678185293280e-01 -6.726922219375462975e-01 -5.149626889624705495e-01 -5.803005160242095117e-01 -1.893903988839979180e-01 -5.581116869168077921e-01 -3.168734675489087160e-01 -4.353335860769283472e-01 5.700152732021879741e-03
-1.934713288261527553e-01 -1.212229461276847081e-01 -2.778826579055309609e-01 -4.475431664921709629e-01 -6.010115039404496651e-01 -6.497108181856409148e-01 -8.618807230562383070e-01 -9.650604675071881022e-01 -5.499669723431780399e-01 -4.283728665940813585e-01 -3.994318878610464973e-01 -1.132978813446384597e-01 -5.692990027066269221e-01 -3.610544556238460268e-01 -6.193222863566643088e-01 -5.008819541448891188e-01
-1.850958049181269383e-01 -2.725161949727877841e-01 -4.839060154092608146e-01 7.999076847144837021e-02 -6.301833156026243055e-01 -2.659528241613628441e-01 -4.685434264367085988e-01 -5.913745029732095926e-01 -3.724746821191901036e-01 -3.660406773188215057e-01 -1.948037484984808665e-01 -2.519955922772624257e-01 -1.565513299032851580e-01 -9.344393077779339363e-02 2.485417951892689159e-02 -1.940516450926331182e-01
-7.247655234460617657e-02 -1.925619701533542172e-01 -3.357613591338757808e-01 -9.074045417059710406e-02 -2.477922282725779080e-01 -1.615317277194600332e-01 -2.679090368355386276e-01 -2.641952883726240153e-01 -2.977709419929613355e-01 -3.843779986324898368e-01 -5.686487832685368504e-01 -2.961234309402375198e-01 -4.787184897814689144e-01 5.284319178891990626e-03 -4.107493735117097589e-01 -1.815393281937943970e-01
-4.761218584942070176e-01 -1.724588274789798925e-01 -7.397544229163845186e-02 -3.426499135292072618e-01 -1.837833079615755483e-01 -2.726535305106861373e-01 -2.298273647561340782e-01 -1.817170523885375255e-01 4.792622703242401666e-02 -2.597899736622128475e-01 -4.794994444924477158e-04 -1.716768596669126234e-01 -2.141436265670810524e-01 -3.760526969413056642e-01 -5.812118799597533192e-01 -5.495161106418727792e-01
