-1.437231796541884377e+00 -8.669092954792473327e-01 -7.901127076158060980e-01 -7.971439026499057556e-01 -1.911987903270900291e-01 -7.131601806063728732e-01 -7.836757925833467420e-01 -1.077198012755907763e+00 -1.071195784355253311e+00 -1.245676094695798986e+00 -1.577179628228579267e+00 -1.113404393608061094e+00 -8.371796566564424502e-01 -6.002189579872037051e-01 -7.078027058072781097e-01 -4.812292284752406335e-01
-1.358989875671765324e+00 -8.997727491624100127e-01 1.006094804174409718e-01 8.139442431069862649e-02 -5.922812886206467731e-01 -1.162587606383134409e+00 -1.792384327943781663e+00 -1.678338555452447700e+00 -1.530894256565854539e+00 -1.836349455808679920e+00 -1.873882964699349118e+00 -1.376812547408987397e+00 -2.138313624794632162e+00 -1.205342287418478042e+00 -9.383556027443207270e-01 -9.399389254482951594e-01
-9.934403313450840267e-01 -6.768209464915143636e-01 -1.033553298483500305e+00 -3.852912973736466462e-01 -1.093352842779732326e+00 -9.682028996931588694e-01 -9.900701113850157720e-01 -1.111066644083845256e+00 -2.021503591664903787e+00 -1.466100848416969971e+00 -2.122201169992101288e+00 -2.014802274920799441e+00 -1.430898312099972092e+00 -9.952171837894755457e-01 -9.251291019037330976e-01 -7.262877180706484026e-01
-4.566493689668184586e-01 -6.265862326116812264e-01 -8.123150861938481793e-01 -5.599076264599713859e-01 -1.355803062550040350e+00 -1.159359314228068483e+00 -1.089210372257195303e+00 -9.563696525116412994e-01 -1.520065090920790452e+00 -1.403741507596519389e+00 -1.664977369552488096e+00 -1.685144043574714035e+00 -1.986249481020150309e+00 -9.794236912669501693e-01 -1.209673624401010894e+00 -4.119057252610550113e-01
-5.527501665274882070e-01 -1.137789518164554314e+00 -8.442354471729760501e-01 -1.007977027221729216e+00 -8.133845998906692465e-01 -1.599835328326187023e+00 -1.232164213805859720e+00 -9.813837927477919720e-01 -1.833583637259183163e+00 -1.483854671847916196e+00 -1.943415200009859900e+00 -2.403567134063298472e+00 -2.792161353454787776e+00 -1.270225537289930484e+00 -9.858788875463303514e-01 -4.695576637463547143e-01
-5.592295691299722371e-01 -1.943779913857150987e-01 -7.353622495376145318e-01 -1.179919759092471931e+00 -1.332922156803985736e+00 -1.090632480211894961e+00 -1.733042377182930194e+00 -1.306068997333883264e+00 -1.527976230572354988e+00 -1.387413088377207782e+00 -1.118640701232361367e+00 -2.141241869081468074e+00 -2.181275297888903175e+00 -1.956512037951600780e+00 -1.551936229198165984e+00 -1.299176597086291851e+00
-6.681289860999699570e-01 -1.065924640044477067e+00 -9.924132492221279245e-01 -7.793118090959425537e-01 -1.110379866221447909e+00 -1.555659865585819812e+00 -1.404580795907718560e+00 -7.796115156109069133e-01 -1.529005171873038638e+00 -8.562986908243575002e-01 -1.178047296498706098e+00 -1.240196925105031323e+00 -1.811441291724804392e+00 -9.500455543831398675e-01 -8.664261772555954533e-01 -8.557690626934434386e-01
-5.650802042092114563e-01 -1.272778915207997574e+00 -5.587819142617865831e-01 1.031411813800752197e+00 -9.001135094359046240e-01 -1.531958565225138624e+00 -1.178095932405144763e+00 -1.117832176397287380e+00 -6.381817023385327747e-01 -2.642737075462909813e-01 -4.465233077997688427e-01 -1.098274655942344413e+00 -1.029049485564497601e+00 -7.667763157807285790e-01 -5.341241863815682223e-01 -1.245782032250741578e+00
-1.169530180412938103e+00 -1.786754386201119260e+00 -3.016546726051426777e-02 1.596525876775240771e-01 -6.422454413455168654e-01 -7.660932470252785897e-01 -1.408589725197626930e+00 -1.435885901801417175e+00 -1.426797784955531112e+00 -7.519326459027086962e-01 -1.226619859671390422e+00 -8.758942547002006584e-01 -7.116838753868013345e-01 1.353331114550099940e-02 -1.988588097833975388e-01 -1.134632975744618077e+00
-8.917891010099457949e-01 -1.388587162002222035e-02 -7.322408585426777305e-01 -3.779762591845733932e-01 -4.448234692199313778e-01 -1.209664917621595226e+00 -1.674993521171989075e+00 -1.557691068031154646e+00 -1.867502741310842262e+00 -1.390845801445069752e+00 -1.424708970340227809e+00 -1.079532978428010326e+00 -5.491858824465273292e-01 -7.546644313501779111e-01 -8.026283666524191007e-01 -3.696582070712746138e-01
-1.060131867692349683e+00 -3.030695319421712330e-01 -8.458859478367485307e-01 -1.397838595562034492e+00 -1.537780967345571792e+00 -1.418915135084778845e+00 -1.275584645266412798e+00 -1.710324394131933046e+00 -1.566479995048083440e+00 -4.825317976687095722e-01 -8.639931827237242734e-01 -1.295469451779415859e+00 -6.272776102331455439e-01 -7.275788450456033285e-01 -7.166744296198708231e-01 -2.819456183393409532e-01
-8.634675019204760549e-01 -4.445398764669978853e-01 -8.958341370143770854e-01 -1.992010942281360997e+00 -8.420718050363829033e-01 -1.169787207721510347e+00 -1.006060038965632231e+00 -1.375913252236692585e+00 -1.155026331362500214e+00 -1.243122656218242472e+00 -1.660466981310897427e+00 -9.459570484082034936e-01 -2.880720933344048662e-01 -6.495885913436798553e-01 -8.906322015341670006e-01 -9.328883804516561185e-01
-1.048424764084746608e+00 -1.248243477287858116e+00 -1.790650144809322830e+00 -1.543956406314551222e+00 -2.165469836095399447e+00 -5.820147418320475996e-01 -8.690873749552795458e-01 -1.248767709765640443e+00 -8.041091725858421357e-01 -7.426392190988053699e-01 -9.878394053104425643e-01 -1.095175121632290471e+00 -8.115138131069576932e-01 -3.973383740433459321e-01 -1.178198894224781856e+00 -1.003103135773968368e+00
-1.336809990788802027e+00 -1.276264871054871186e+00 -4.454897983841751841e-01 -3.562436450396430088e-01 -6.798592665727668516e-01 -7.428261319333038237e-01 -1.116427164314727438e+00 -1.626557702959418705e+00 -1.376804727571748543e+00 -1.063771010589035226e+00 -1.931812933040957914e+00 -1.381715223216007704e+00 -1.433040962779788874e+00 -5.147386800463680245e-01 -9.879870111336842564e-01 -8.763697803787273699e-01
-1.006624043496048948e+00 -1.004152650366493926e+00 -7.814088734117926593e-01 -7.942497003490535112e-01 -8.622035264500657048e-01 -7.998886866165355602e-01 -8.935182828213973361e-01 -4.011258911825643092e-01 -1.838553797191361250e-01 -1.006090412114800658e+00 -1.671211419719455193e+00 -1.255681787338598587e+00 -8.829811953444506312e-01 -1.008528324770378459e+00 -9.683940685565103346e-01 -1.164089995771214969e+00
-1.298553653242636496e+00 -6.543646047714213321e-01 -3.074860556673185141e-01 -4.980685054501267084e-01 -1.492286141396794275e+00 -6.842108807954209171e-01 -9.894372203517713960e-01 -1.050034525236868355e+00 -2.452784928167960621e-01 -1.210649528692382848e+00 -1.630092231273221115e+00 -2.001604561794245285e+00 -1.066011580448261276e+00 -1.456403036427788900e+00 -1.121415968535503627e+00 -1.723083631763975943e+00
