-1.720183220611906927e-01 -3.730696286358716196e-01 -2.523619022564416170e-01 2.642481820552902705e-01 -1.641888599697957640e-01 -5.485096469103446504e-01 -4.827420823842462072e-01 -1.113233420542438130e-02 3.446929511989589856e-01 1.889093169231504388e-01 -2.856255298835979131e-02 -3.575016985445314543e-01 -1.828703378483716169e-01 2.708695250925426956e-01 -1.765664438485488276e-03 -3.101477330419684653e-01
5.859376516010058461e-02 2.076313550184343271e-01 5.105221136699951145e-01 9.420609475048787040e-02 -8.123447913261437614e-02 -3.248848224903674309e-01 -2.032733119609933525e-01 2.402427545292421251e-01 1.269935231183810243e-01 -9.504981180493329504e-03 2.265602010549319367e-01 -4.379604451882456173e-01 -5.520608826278178283e-01 4.542274467606727262e-01 1.585724267303136592e-01 -1.741301469964664783e-01
3.069632794343012949e-01 4.461434340577288826e-01 1.863970500999387048e-01 1.526253555770375470e-01 -2.907165023200575238e-01 1.049986918562640925e-01 2.211948421816340160e-01 5.141654500325322230e-01 7.591607470796610246e-02 4.927412598727878151e-02 -1.022496756191077355e-01 -2.800683642614502644e-01 -2.892268770119131860e-01 -5.495342358632382407e-01 6.542385053280190543e-02 1.468913136105528816e-01
5.140347550959146333e-03 4.736442884990118563e-01 2.121067601243690204e-01 2.498477173563119769e-01 -3.409669378693234998e-02 3.130659815695453485e-01 2.561108154102112455e-01 -2.261040090310124651e-01 -3.410877512988264582e-01 -2.253054623589204608e-01 -1.547919125745866042e-01 -6.786883387324973427e-01 -5.415086442994769822e-01 -4.168477574663839030e-02 6.002782825311029496e-02 -1.752155016865457049e-01
3.850188162964369304e-02 2.030750449139974434e-01 1.092963427215523919e-01 1.310336678783382280e-01 -2.866472008783325642e-01 1.626635957293477985e-01 1.523457785755808758e-01 -5.851342817918205874e-01 -8.213204707300719720e-01 -4.158211736593385721e-01 -2.752430688314705942e-01 -4.546124970662990816e-01 -5.189440838730868810e-01 -1.157532150122614206e-01 -1.528344516152791155e-01 2.969130672363420875e-01
3.404299002100218963e-01 6.302163876564357940e-03 -7.036643764829945968e-02 2.536566574594950052e-01 4.501240986391312759e-01 3.256104476363253508e-01 2.754053817122972814e-01 -2.971589438708755956e-02 -4.575084917872582202e-01 -6.809954935680228028e-01 -2.615296774906847310e-01 -9.081628640705068090e-02 -1.642947807320108422e-01 -2.761335034983348202e-01 -2.802576100452784935e-01 3.883184786623983809e-01
2.316411287608509395e-01 3.125531360795903990e-01 -1.656190279354269670e-02 3.226553931646621298e-01 4.428538395549966866e-01 1.789296802130921349e-01 1.358351630530775789e-01 5.612093963996897528e-02 -3.918242613298766885e-02 -4.975483474003268292e-01 2.249190317318692234e-01 1.072486421750454000e-01 2.474821552942992609e-01 1.123648085612129061e-01 -1.422456562494963349e-02 4.644520663236850200e-01
1.399473556416043762e-01 5.907206648296706164e-02 -8.758886498364946982e-02 3.150149953912751988e-01 1.102532329434258579e-01 3.755619199703952305e-01 -1.528117926023961626e-01 -4.199215985288239361e-01 -2.804741342698757189e-01 -1.329411647124570106e-01 6.946228590230742184e-02 6.116732771791782985e-01 -3.965811491061253802e-03 5.226708191252315006e-01 -2.382979579024977201e-01 -2.177975070750450826e-01
3.589389990736029934e-01 -3.451865990600599399e-01 5.661978313752871576e-03 -5.476591817494157709e-03 4.899298842279246891e-02 -7.467491309279790379e-02 1.533624995595194718e-01 8.158961853560721400e-02 -6.109693408099284850e-01 3.631990569005882213e-02 6.997201823816251443e-02 2.106827493653114780e-01 -5.676648906871112343e-02 -9.710823508913610236e-02 -5.476101384447699255e-02 2.168861196695356375e-01
1.509679654861177112e-01 2.009434880917905786e-01 -6.528236468392045744e-02 2.811290616386021290e-01 2.791216204030106396e-01 2.765306581881173467e-02 -6.954817943245350520e-01 -2.616813003726904951e-01 -6.250886057998277234e-01 2.735016895108383084e-01 9.435511684959430045e-02 -6.433090491285387014e-02 -2.698640527893441665e-01 -3.397320401899407982e-01 2.509097469609227748e-01 2.231711972664855714e-01
2.373711735895189107e-02 -3.496064713882264252e-01 1.022347113432137411e-01 -1.721773110261723971e-01 -1.515195477629288912e-01 -4.700171222197965792e-01 -3.617823340381331465e-01 -4.450083420354448149e-01 -5.094553390121895342e-01 -5.803127747106125167e-02 -3.226548725159911757e-01 -1.971725241571815890e-02 -3.223831570640088851e-01 -3.183527801527451517e-01 -3.049432582101432865e-01 5.233315945452211571e-01
-1.213059521605123342e-02 1.611597751983289140e-01 -1.991910016079482815e-01 3.395702010590414544e-01 2.267010176582449077e-01 4.678956512203774065e-01 -3.715983563268440704e-01 -4.774007955456408547e-01 -5.868950756864887985e-01 -1.776394309311062625e-01 -1.423798665494706815e-02 -6.283851538594010799e-01 -5.997923512228562348e-01 -7.869253017642102721e-01 -4.339435386503763814e-01 -4.126110439340434088e-01
-2.286048029809860938e-01 3.830173236761990618e-01 2.862334878904589930e-01 2.400203543254543215e-01 2.306558270587048265e-01 1.387956596592397895e-01 1.309239380522745355e-01 5.999354269751210750e-02 -4.868199920053837837e-01 -7.929820108966785519e-02 -2.365749245746245899e-01 -5.128886570137539680e-01 -2.538417213766022140e-01 -4.690251855257320246e-01 -3.656092105966251005e-01 -7.919375586763393038e-01
-9.950779375976247232e-02 3.002945263238279150e-01 -4.156008815313960714e-02 -4.498788238540221140e-01 -1.758169541363076294e-01 8.214449471500420707e-02 1.315083900097292480e-01 3.257842582747966231e-01 -7.549305351996528357e-02 -1.161473185852861939e-01 -2.063542033992743774e-01 -3.200026500656345529e-01 -3.868348275010813353e-01 -2.512591979737368031e-01 -3.198445784827748661e-01 -6.261904288420594433e-01
-3.392404828025570862e-01 4.052760223893128733e-01 -1.652812184459943878e-01 -3.071156292075479244e-01 -3.058144271369243050e-01 -6.091514970938182172e-01 -5.321009864120974653e-01 3.198426845469508339e-02 2.332292270115373378e-01 6.444824329793935602e-02 -7.204657053202148109e-01 -9.229113336085026376e-01 -3.387322785532696501e-01 -4.370384301771449431e-01 -3.251061307724107449e-03 -2.818473744449164764e-01
-5.022007673558644969e-01 9.563436534211608442e-02 3.428577794707587251e-02 3.615495591196916242e-02 -1.401223356098639239e-01 -4.575709334326358291e-01 -3.674333947492459118e-01 -1.439926610362404491e-01 1.937175967459357773e-01 3.559974984814759380e-01 -9.457347601369248125e-01 -7.737646144562558836e-01 -3.026817474620357995e-01 9.098838387933495808e-02 -3.120109820954139815e-02 -2.638559224993400343e-01
