-2.692010092783569064e+00 -2.532866778132745189e+00 -1.628949249424840762e+00 -1.747733552825173398e+00 -2.979351650526891770e+00 -2.613281296012357036e+00 -2.426610913328571151e+00 1.886196996582009566e+00 3.105771279489185854e+00 2.406202986823426038e+00 3.123165944683868211e+00 2.233805672859852098e+00 -3.013317499396992005e+00 2.731557639707233864e+00 2.543634250459748447e+00 2.651073367925066648e+00
-2.964879920054128259e+00 2.539979300139377560e+00 3.122029901502518356e+00 2.863001718323628264e+00 2.731988939354784929e+00 -2.910306489998398138e+00 2.326353215233120331e+00 1.649674782300841747e+00 -3.013948553656198737e+00 -2.901592916046860093e+00 2.392037783200953172e+00 2.063158823279581444e+00 2.667639653289022750e+00 2.191713824824728540e+00 3.044148941295868660e+00 3.079615639167229357e+00
-2.979014394062793780e+00 2.308151003821500957e+00 -3.094643858589245955e+00 -2.502442734822643455e+00 -2.705471633193771819e+00 1.928811203752842207e+00 2.009024435505600170e+00 2.870914043232441593e+00 -2.464149728650123716e+00 2.091758336690372033e+00 2.400890833191216878e+00 2.094490164665329779e+00 -7.466560442705725276e-01 -1.966405422262747171e+00 -2.047340381328163872e+00 -2.841486186760385557e+00
-3.026073536012669596e+00 3.070193038235921712e+00 -2.565236366006776070e+00 1.894167498489009560e+00 6.490772915189901848e-01 8.223365241950645332e-01 2.505149023544690934e+00 2.681547660120656928e+00 2.820911507795615947e+00 1.766239139070880704e+00 2.983813982882809412e+00 2.327530080759708575e+00 -2.509836758167937720e+00 -1.415542119736075133e+00 -1.065798720319078186e+00 -1.921723148765231315e+00
2.896357616210551988e+00 -2.701148211084720696e+00 1.627057857831288867e+00 1.534676901693049045e+00 1.873825504058465041e+00 -2.916920600747673120e+00 2.977428158740054620e+00 2.694313613850952471e+00 2.487548312674052298e+00 2.934626008731344715e+00 -2.794313293406332388e+00 -2.773786730531830003e+00 -1.946566727193560276e+00 -1.884977684489414829e+00 -6.866922710526009999e-01 -5.524453514850136138e-01
2.903624541601498965e+00 1.697491660290859627e+00 2.448151061061709655e+00 2.504988002375858169e+00 -3.063899252169895782e+00 2.483224892180435628e+00 1.098458894843788558e+00 1.481560689204581838e+00 2.602292934969105076e+00 1.831495495122851480e+00 -1.570899200400212026e+00 -1.963300259952597493e+00 2.754379425988936703e+00 -2.413670142136326913e+00 -1.666378958446164349e+00 -2.107022238411675463e+00
-3.025225361013336833e+00 -1.946415539555570673e+00 -2.675345752127211707e+00 2.338040207496770329e+00 2.347227808094696222e+00 2.027392073189857591e+00 3.124285898858695898e+00 2.031307269975367369e+00 1.772411907062219072e+00 2.312242689151964736e+00 1.634276724738557673e+00 -2.544246445464438455e+00 -2.457037841697694347e+00 -3.108714852133154682e+00 2.917814444665515428e+00 -2.787133090431404892e+00
1.936037380594773094e-01 -1.045919880239722488e+00 -2.477092367209389856e+00 -2.980299197658801802e+00 1.873651897273088673e+00 1.356544919890796619e+00 -2.887236044386723766e+00 2.947605417689589391e+00 -2.445937754712543377e+00 2.929898597388892245e+00 3.125978618685120392e+00 -2.884526711763796047e+00 -2.348834855267382782e+00 -2.576744974297214608e+00 2.214839250459481157e+00 1.743073304237132026e+00
-6.029842979784906243e-01 -2.058115399548152258e+00 2.690432025618342493e+00 -2.708064279536849472e+00 -2.849063913833858930e+00 3.036593689321463341e+00 -2.534834621296622625e+00 -2.731021093079449624e+00 -2.651444349005566803e+00 -3.002723238862454735e+00 3.005091140901266833e+00 -2.391891471011752923e+00 -2.736282846824975579e+00 2.327915423280467078e+00 3.559559759719782557e-01 8.470774079852340099e-01
1.800529064425139714e+00 9.085196893618286973e-01 -1.899862685619823632e-01 -1.679936636269537820e+00 -2.906930970095123801e+00 -2.426062464040457112e+00 -2.097514656357486018e+00 -3.025113171348639884e+00 -2.556245093700378668e+00 -2.090629493672616857e+00 2.827457563881535130e+00 2.304750796830719040e+00 1.586808719111985067e+00 1.157742308142284404e+00 3.130542958801092457e-01 1.563098741303844630e+00
6.670605850414719207e-01 2.147126738938642365e+00 2.503437843241981486e+00 2.433473873704981472e+00 -1.945719493328261773e+00 -1.983879479975613203e+00 -2.059951464013226374e+00 -2.182666723548110088e+00 2.798317175656076738e+00 2.411978616231331696e+00 3.115386301847865358e+00 2.594640422227935783e+00 1.628437564990675712e+00 1.074313449598694570e+00 4.455032047379523519e-01 4.163345697483383234e-01
1.061827000339055749e+00 2.361261602620203792e+00 2.315784024411729813e+00 -1.752721477862706490e+00 -1.597714330153152673e+00 -1.572050801873903669e+00 -2.388608027322505656e+00 2.574197446035517256e+00 2.040832355619706995e+00 -2.996763150332213410e+00 3.137370169339636305e+00 -3.112233111937425800e+00 1.343028593805834392e+00 1.105075840285875133e+00 1.693979412181789712e+00 1.010513691736005581e+00
2.099391189909994182e+00 2.538303009966777601e+00 1.890388671424842792e+00 -1.413269592485399073e+00 -7.703713590951519752e-01 -2.119425011977177142e+00 -2.745184397802862275e+00 1.889027537409089463e+00 2.004456709726536445e+00 2.585402784804757381e+00 2.801228013869156985e+00 2.836423081943650448e+00 1.803278794821596698e+00 1.203769857617254635e+00 1.929244691142596668e+00 1.214013970638460282e+00
2.442511532625881276e+00 -3.070711981482782349e+00 2.875914190613730881e+00 -2.953950304730119658e+00 -2.108655017732834480e+00 3.067379581677210698e+00 3.032377538335990774e+00 2.983862823939365416e+00 2.925611653280791202e+00 2.884068305526187981e+00 2.836449735451491261e+00 1.927614818638804461e+00 1.910478937744345185e+00 6.861640256818134498e-01 1.944027658213510312e+00 2.736869527725902973e+00
-2.424768650671337955e+00 3.087472851493477943e+00 -2.506796323468990728e+00 -2.599567252122668481e+00 -2.854423327338477367e+00 -2.635556640983097942e+00 2.948488513794234933e+00 2.256821465615268529e+00 -2.731701490985889880e+00 2.212171933973570148e+00 2.029382838559426805e+00 1.430326070911772440e+00 2.577633783287446079e+00 2.896334275115596046e+00 2.219970796079567599e+00 -3.004896265825609980e+00
-2.694656479994749887e+00 -2.441050961510217832e+00 -2.201417858010426443e+00 -2.230274989385922169e+00 -2.578257581341009352e+00 -1.469347706129509712e+00 -1.595326729764543705e+00 2.708005125824943793e+00 2.819411791820083835e+00 1.280163850658507796e+00 2.764637837050830438e+00 2.344410072857005201e+00 -3.012954632584204262e+00 2.741313309058716730e+00 2.918713198870622083e+00 3.101028459384722158e+00
