1.000000000000000056e-01 -1.951729034643922223e+00 3.169811284919887145e-02 9.859026477302365032e-01 3.543491747226568123e-04
1.489795918367347038e-01 -1.929942122830185403e+00 2.932999453438676560e-02 9.797749873326742076e-01 4.678539745009538441e-04
1.979591836734693744e-01 -1.904473331078072151e+00 3.089479808843704003e-02 9.721645784733096152e-01 6.610311572872906889e-04
2.469387755102040727e-01 -1.877937956909597084e+00 3.352302623489839678e-02 9.645242476162438905e-01 8.723958281281153290e-04
2.959183673469387710e-01 -1.854632855605873987e+00 3.365397637340779291e-02 9.576921361423588186e-01 1.048721060641439858e-03
3.448979591836734970e-01 -1.833476864000810336e+00 3.064571159294498040e-02 9.511117958973490660e-01 1.163392733400088778e-03
3.938775510204081121e-01 -1.806172324384060612e+00 3.384971518521730227e-02 9.433138061493447912e-01 1.418976912535123381e-03
4.428571428571428381e-01 -1.778837337597481749e+00 3.239077212731501093e-02 9.350567456626844853e-01 1.587881905930281501e-03
4.918367346938775642e-01 -1.747518287897706690e+00 3.624749062245827269e-02 9.257768436468126749e-01 2.011174476941342444e-03
5.408163265306121792e-01 -1.727262284212074617e+00 3.391190927885796846e-02 9.192144258649339594e-01 2.085423479335394605e-03
5.897959183673469052e-01 -1.697148502852262375e+00 3.603167975070062368e-02 9.101576878146510063e-01 2.342229066799137761e-03
6.387755102040816313e-01 -1.669774077292737635e+00 3.820569665847226709e-02 9.012844987008693520e-01 2.905949518431325766e-03
6.877551020408162463e-01 -1.635734382580949164e+00 3.742504412823086102e-02 8.909026999876763497e-01 3.031493863299375251e-03
7.367346938775509724e-01 -1.603367728468947595e+00 3.914703090029689886e-02 8.804578368036968250e-01 3.539960063095434241e-03
7.857142857142856984e-01 -1.579899411528606468e+00 4.285154020463884800e-02 8.720193638513527024e-01 4.158490457174959277e-03
8.346938775510203135e-01 -1.538144138688592122e+00 4.667998561755826864e-02 8.586690269203838266e-01 5.229571960178430387e-03
8.836734693877550395e-01 -1.510946056439152585e+00 4.474277767161104202e-02 8.492924228732580127e-01 5.357847477697296433e-03
9.326530612244897656e-01 -1.467946544155970923e+00 5.155187761726081480e-02 8.346910565332167353e-01 7.232565935968615807e-03
9.816326530612243806e-01 -1.430564456980862875e+00 5.198829600951534319e-02 8.209163794042068085e-01 8.244444822001184212e-03
1.030612244897959107e+00 -1.382244909247818843e+00 5.583761109682236490e-02 8.034625769360179692e-01 9.485170741849471843e-03
1.079591836734693944e+00 -1.339521716927017714e+00 5.982167133323257335e-02 7.874370741777997340e-01 1.127959446014622710e-02
1.128571428571428559e+00 -1.281408769786707147e+00 6.090184159622488713e-02 7.634337195139058174e-01 1.325344023654909109e-02
1.177551020408163396e+00 -1.243056490915751544e+00 6.240843536938411179e-02 7.487329615476989719e-01 1.505618338378172591e-02
1.226530612244898011e+00 -1.194308148809382963e+00 6.322403683780594696e-02 7.275133163644911249e-01 1.702110342078312286e-02
1.275510204081632626e+00 -1.147587053633422505e+00 6.232174935987012943e-02 7.056701532973942426e-01 1.858926048231489617e-02
1.324489795918367463e+00 -1.088093178757277846e+00 6.484647341795458930e-02 6.795438620841715016e-01 2.055858174108674691e-02
1.373469387755102078e+00 -1.047359221396759743e+00 6.232031943759641646e-02 6.619807074843070405e-01 2.118570158531621686e-02
1.422448979591836693e+00 -9.870686909767285577e-01 6.128507341131746167e-02 6.344062849203050414e-01 2.272326252017142431e-02
1.471428571428571530e+00 -9.455970470209531520e-01 5.733711655486489756e-02 6.148828878031679102e-01 2.302445210264457420e-02
1.520408163265306145e+00 -9.052879422634696471e-01 5.289198453566573699e-02 5.958623854824535160e-01 2.241763093899349496e-02
1.569387755102040760e+00 -8.655234598847637573e-01 5.127788198402994518e-02 5.770261164711677493e-01 2.308407047075554733e-02
1.618367346938775597e+00 -8.246386900056870140e-01 4.822277645849987193e-02 5.582574957983105213e-01 2.293018376398347352e-02
1.667346938775510212e+00 -7.798910109352161779e-01 4.430941501075090494e-02 5.356775218844300746e-01 2.237798649914609500e-02
1.716326530612244827e+00 -7.573976337051760988e-01 4.136789889016788402e-02 5.238122807183974716e-01 2.225463991028249142e-02
1.765306122448979664e+00 -7.271634390556586114e-01 3.942838611275367722e-02 5.095101587799245602e-01 2.168820414885170439e-02
1.814285714285714279e+00 -7.054921676781490403e-01 3.562869084773854361e-02 4.995651530905603210e-01 2.045724629396890315e-02
1.863265306122448894e+00 -6.655944835153313477e-01 3.196113236011299819e-02 4.789910333765524109e-01 1.971084202422022924e-02
1.912244897959183731e+00 -6.567111317896223710e-01 3.073056751444068826e-02 4.754936145473832032e-01 1.951616718631968284e-02
1.961224489795918347e+00 -6.334395667554604259e-01 2.857599765707069181e-02 4.643954300487246889e-01 1.850793901484029669e-02
2.010204081632652962e+00 -5.937415148805752496e-01 2.596706896491673966e-02 4.450835879467405221e-01 1.766448283665082719e-02
2.059183673469387799e+00 -5.849167994087998146e-01 2.447192536677011976e-02 4.405218019458234102e-01 1.711462113495615736e-02
2.108163265306122636e+00 -5.590741001848675840e-01 2.254456271023256089e-02 4.269620839430293135e-01 1.627198255591660175e-02
2.157142857142857029e+00 -5.483262837340763252e-01 2.189661386699045045e-02 4.231574718103260357e-01 1.595016210387231737e-02
2.206122448979591866e+00 -5.271213381630501793e-01 2.021125876866676496e-02 4.134105947765409628e-01 1.498685728794250244e-02
2.255102040816326703e+00 -5.047025975953151056e-01 1.928962721727236693e-02 4.027521800422406151e-01 1.441381277957912849e-02
2.304081632653061096e+00 -4.915762799024158136e-01 1.715295441362708548e-02 3.945784441547445232e-01 1.384651765164804545e-02
2.353061224489795933e+00 -4.820176227075020359e-01 1.623323056782817117e-02 3.912003482008576949e-01 1.337158313895747165e-02
2.402040816326530770e+00 -4.810462172317638840e-01 1.593397873936798145e-02 3.925451328959411734e-01 1.295112010270448727e-02
2.451020408163265163e+00 -4.633975399371058068e-01 1.516199439721963547e-02 3.855830432612843972e-01 1.272978665323976251e-02
2.500000000000000000e+00 -4.462852352506068154e-01 1.420605392568391294e-02 3.759114052397308781e-01 1.220444260813579110e-02
