1.388836403622525362e+00 1.479483699207757796e+00 6.775519366390168052e-01 6.109433271831257173e-01 9.809998881901550449e-01 -3.126297279156858844e-01 -3.043930097278298996e-01 6.608036439130372530e-01 4.088006287624282864e-01 4.913888697262361327e-01 9.753409942634851948e-01 1.196152246527333984e+00 1.856917813815457396e+00 2.871961742374930182e+00 2.449831392603432079e+00 1.312061636919346963e+00
2.659087648277330906e+00 1.484557703564429287e+00 1.022874595235036876e+00 8.208203128332637322e-01 3.945099668445209429e-01 -8.943767748557018837e-01 -1.794094471448738071e-01 3.471551866419045895e-01 6.391944807010353502e-01 6.336820135790098840e-01 6.439418936674599081e-01 6.613669404418108799e-01 2.021122142559716561e+00 2.131031827755081043e+00 2.321224454993061848e+00 2.351088483980467991e+00
3.042786773647740528e+00 2.995455714138954395e+00 2.035306632790720549e+00 2.991099359290085413e+00 -3.563332700909513373e-01 -1.186271528289134070e+00 -2.129042107879849099e-01 1.207300309661998083e+00 1.300246359987576650e+00 2.075186935563168689e+00 3.018688222017306799e+00 1.090096380381572638e+00 1.887280426353457941e+00 1.586697942156548136e+00 -2.206730837465420869e+00 -2.283804929766590330e+00
-2.127949892188772729e+00 2.537416477194209374e+00 2.003373968161582308e+00 1.056268657100633890e+00 1.611033080589120647e+00 2.371222513313758995e+00 1.789391422019831479e+00 2.236680342484041795e+00 1.730015252447448582e+00 1.768094246951354531e+00 1.186723848154265681e+00 2.329463464501767278e-01 1.119816955669708403e+00 -5.361561098581707485e-01 -2.619305835633224611e+00 -2.654906195465069008e+00
9.283736671371760618e-01 2.454119290094454175e+00 1.485037327694723075e+00 1.159002965212325265e+00 1.023759868695295117e+00 1.882717334466534664e+00 1.968464833179837115e+00 1.675954974387309449e+00 1.793197238638152058e+00 2.364760889498209284e+00 2.653046181080927823e+00 2.882747107107362705e+00 -1.954817965062661589e+00 -9.166672727367652929e-01 -1.886683981578610725e+00 2.147399168749942328e-02
7.343495798093423454e-01 1.042279544399055125e+00 6.502886513055977646e-01 1.016984540148534899e+00 9.250870826516781609e-01 3.189765625354012424e-01 6.343168447011084954e-01 -9.755472463858816390e-01 7.594952230743531318e-01 1.536262005792023100e+00 3.131430737524768748e+00 -3.032558238614157187e+00 -1.816894153146298763e+00 -1.703122288793167405e+00 2.777655666398707979e+00 1.309433211359129823e+00
3.397401615254077578e-01 4.265351350593570290e-01 7.144244094520347810e-01 8.800280906540660641e-01 3.576009027866119405e-01 8.348826576316337178e-01 1.289040614921153072e+00 1.828628037309626642e+00 1.784509647174767011e+00 1.560839118180715968e+00 1.893636142986256266e+00 -2.594310155681280872e+00 -1.443780227122555937e+00 -4.382172776984784579e-01 -1.019340629990851621e+00 -6.570498418449068900e-01
4.094669175574562614e-02 -5.365564395966827549e-01 -2.800946578339044146e-01 8.659104979903752275e-01 1.007425503215385376e+00 1.154270705401810426e+00 9.890744831478961441e-01 2.326840220776568380e+00 1.293352728003607233e+00 1.020552779913255437e+00 -4.085068087889545674e-02 -1.475405951890446377e-01 1.900301682508994394e-01 -1.123102648640471379e+00 -7.452149397747894755e-01 6.007172772474233396e-02
-6.008252446895423482e-01 4.651710711261057840e-01 9.274606876321389581e-01 4.178953413398233535e-02 1.159446435676871445e+00 1.301517199382857592e+00 9.979458642996330564e-01 2.008343673126781415e+00 4.812009480518396054e-01 1.068982815141432896e+00 -5.847060567132882358e-01 -8.518677566578343185e-01 -1.231067506858842586e+00 -2.770174401582937151e-01 -5.561553924023912021e-01 7.533185946524852961e-01
-1.108492388543260265e+00 5.234007275009734395e-01 4.557458387529177979e-01 1.437464522947914602e+00 7.450043436641121675e-01 1.407328830912818463e+00 8.836362318173097974e-02 1.179652844028200365e+00 4.717546421391257683e-01 3.948377289833390758e-01 8.199784535112862871e-01 1.175887035376375067e+00 -5.133542437416924731e-01 -6.156436655393754398e-01 -1.007106560405019557e+00 7.058496837578875915e-01
1.240856521524244638e+00 7.574158805581806542e-01 3.071547322027800564e-01 9.868212569978520587e-01 9.279556544682503461e-01 2.206593366842356740e+00 9.748944901442976319e-01 1.679984619287691938e+00 8.720745696340725939e-01 1.688343951350392391e+00 1.391176323330131970e+00 6.886004479832777969e-01 -1.283663722296892296e+00 -1.412566972824078393e+00 -5.066331019354116671e-01 4.950333373166678763e-01
1.266581953006653993e+00 -3.637328253915135812e-01 -1.522174498164902412e-01 1.763665961617789935e-01 1.284510851106039242e+00 1.225748151463519564e+00 1.560785025584580987e+00 3.350964405670923130e-01 1.252046461142701128e+00 -1.975629454943580166e-01 3.574215491244313037e-01 1.513269430070383503e+00 -5.945496201866943276e-01 -1.000133385289855958e+00 -1.251594346556604176e+00 -9.201142496848079000e-02
8.332392889511324174e-01 1.054463469443194912e+00 -8.604872064494190065e-01 -2.377107502982843401e-01 1.231638385154356419e+00 9.174474297459737082e-01 8.113012795677257971e-01 8.389880586305423216e-02 6.864085847519132977e-02 -6.293539165920425393e-02 1.800349962383001046e+00 1.423598267366030345e+00 -2.036042274467626811e-01 -7.056764804960813375e-01 -4.597429510454787982e-01 1.008602082772099562e-01
2.832257974077633800e-01 1.809923619781282911e-01 6.319309064812295151e-01 6.634097669049184853e-01 2.181393239668341977e+00 6.568276137224031697e-01 2.803740870082845227e+00 4.363794383838290880e-01 6.866157325198406491e-01 -5.391160916147190729e-01 1.745570273123000726e+00 3.863789440198118763e-01 4.944112533562786682e-01 -2.896546848429504273e-01 -2.824919107955526920e-01 9.945876994883194877e-01
1.094857301153697060e+00 6.900243373130519053e-01 2.917357298196400217e-01 -1.588866176336486413e-01 8.818923686016015839e-01 7.039788012776387882e-01 2.214125315293263174e+00 4.442112171766946505e-01 -7.467081014377374704e-02 3.870764900042875101e-01 1.534019217771578125e+00 7.461368087260918935e-01 -8.759877748893156804e-03 9.998864249584105135e-02 5.519805509037795099e-01 -3.467926520297712895e-02
1.964532651866951474e+00 1.306422962827973322e+00 7.008014843645022918e-01 1.536440666543449352e-01 2.066741441193161499e+00 4.384661249748892375e-01 -1.117300273362044294e+00 2.938604545989426109e-01 9.177849186032785433e-02 6.449389363814611587e-01 1.805628175568988469e+00 1.150353153367226655e+00 4.038394922900964135e-01 9.445781463054899740e-01 1.166262937386903564e+00 2.022840731703374750e+00
