-7.027145855519002504e-01 -2.322603882448263324e+00 1.582447874588880365e+00 1.517307326564266257e+00 1.397133959658197977e+00 6.321743700439602653e-01 8.652109891462728131e-01 1.645488748845592708e+00 2.376642716775926534e+00 7.005674643344873553e-01 6.454750604308214790e-01 -1.873519056233856617e-01 5.213754803373326085e-01 1.243976273582632353e-01 -9.927940340356696813e-01 2.387241451177884999e-01
-2.785089081854600912e-01 1.944031604648825684e-01 4.599993532377635863e-01 8.199621153819837138e-01 -5.671192972937143528e-01 1.771033382561546299e+00 1.282690956795350390e+00 2.701153445886289362e+00 -6.496022266411847212e-01 -3.117411861110104709e+00 2.590652101476837110e+00 1.704301323229521881e+00 9.655857142962288586e-01 -9.413862412782506017e-02 1.157521773094431911e-01 2.785171929918255351e-01
-8.552525984265776371e-01 1.964157694672808319e+00 2.394519017086750232e-02 7.438430657583505745e-01 -7.399812777965734112e-01 -1.821437797221878485e+00 8.915834362756037690e-01 3.064511002267610529e+00 1.349048658122801392e+00 9.664602770362236139e-01 2.606701536454735013e+00 1.973670193222344604e+00 -5.639205517161282044e-01 -8.572139535671868815e-01 -8.839650651285861915e-01 -6.931941917759467664e-01
-8.731482288157113025e-01 3.111233974933329538e-01 -2.783136923028301304e-02 -2.153056004853451277e+00 2.563336435360659582e+00 -1.052002249353128249e+00 -2.938302441231974260e+00 1.420874683087196777e+00 1.916552419351866376e+00 1.588629336513131429e+00 1.331771475903028579e+00 1.517119293619257014e+00 2.837628213105537478e-01 1.041229418888170860e-01 2.727336633959474566e-01 -8.994899580509205794e-01
-1.623156236076507553e-01 1.057745362780368598e-01 -1.451044555340215370e+00 -2.498617188997660055e+00 -8.291900442965089990e-01 3.996420489893095507e-01 2.063542474228236223e+00 2.513167103747230957e+00 1.377410897775460219e+00 -1.098923442436563036e+00 2.419289224836077778e+00 -5.080494186774257015e-01 7.994258320047361588e-01 1.118191372431344588e+00 -2.531280891119903398e+00 2.682858095429783596e+00
7.161026774884581281e-01 -3.087657446125325889e-01 1.437729938837515320e+00 -2.698329830387752537e+00 -2.365044350543137330e+00 2.366538450224929147e+00 -2.818744043466433702e+00 -2.942209320365416936e+00 3.129179567223663305e+00 -3.603401903960907759e-01 1.656512008729402519e+00 2.795091330453836620e-01 9.211178324124327244e-01 1.322792459120041730e+00 5.660437382740215462e-01 7.968812576584270724e-02
1.772891403825918033e+00 -1.295744547304211958e+00 -1.228930017565690314e+00 -1.806787117631325268e+00 7.662410038445095495e-01 -1.385775274276399571e+00 -2.338720116764477552e+00 3.157215043628959217e-01 -1.552355726417313120e+00 2.114654283329838957e+00 -3.066682722490043922e+00 1.676592508154072306e-02 2.263398652933688582e-01 1.682098366398496525e+00 1.860394773182055150e+00 1.242090408142724867e+00
-2.434783389484676430e+00 -1.661062717586363480e+00 -9.055215898428325971e-01 -1.719867474471693081e+00 -8.262553687336081643e-01 2.168194408896324532e-01 1.117425473600320435e-01 4.150956574105731378e-01 -2.847782617964389917e+00 1.900963305134020009e+00 2.681384278803729870e+00 -3.064847377523830518e-01 1.580053146322082158e+00 1.934155693435925638e+00 -2.458661892665392756e-01 2.529662245676024934e+00
-2.540663761874430104e+00 -2.744789887953103524e-01 -1.480875312464505322e+00 -1.435895138716255293e+00 -2.073743579000087323e+00 -8.653376910464988248e-01 8.204801065928110093e-01 1.552445557254966024e+00 9.586777219484867718e-01 2.100806345587511448e+00 2.591466383608189261e+00 3.199370574132187617e-01 1.880184807673398684e+00 1.595990331125069384e+00 2.680865393104844063e+00 -2.878397213763543849e+00
-2.855522738249488324e+00 1.760397091164112915e+00 2.511491136683193126e+00 -1.518531523251136939e+00 -1.608527644624830444e+00 -2.570052284389666042e+00 2.833747693023435765e+00 2.104511004807395835e+00 1.297856648295735438e+00 6.784931853641051891e-01 -1.106695000691982012e+00 -1.210928822767254748e-01 2.173251023548136818e+00 1.415876882622378430e+00 1.990912990996373200e+00 -2.226813276442564771e+00
3.000368405348798007e+00 2.738927110378869934e+00 -3.015067067073380791e+00 -1.808021368183315936e+00 -2.378458238455848139e+00 -2.999408984881976603e-01 -1.325281713988726073e+00 2.311973741911472757e-01 3.358160629980131984e-01 -6.399182964890266778e-02 -9.046081024562245831e-01 4.772719383604220877e-01 1.304466788991760773e-01 2.356966290628633942e+00 -2.587867637419431599e+00 -3.000444551594050324e+00
2.390146470313606830e+00 2.564037849444056771e+00 -2.717883179033583119e+00 -1.346420628680474962e+00 -1.372318598656980138e+00 -6.382834966026198487e-01 -2.680405188607921652e-01 4.905051631675801938e-01 1.264886539456671066e-01 2.401160485151592472e-01 -1.942008906612699703e-01 -6.176875614460918262e-01 -3.714134369414996972e-01 -1.788674885356093425e+00 -2.427021172148098316e+00 -1.985417297250582580e+00
-2.168080992378136340e+00 -2.780891791497023036e+00 3.117944868034329797e+00 -1.609143813077378526e+00 3.057687413966104995e+00 -1.018438991963707352e+00 5.780089686113167036e-02 5.895846970997558056e-01 1.246290838598127504e+00 1.506468669219612977e+00 3.634472897953483495e-02 -1.094390384997207200e+00 3.956499442423226931e-01 -2.191213073897485764e+00 -2.020737171288697454e+00 -1.234990057304511168e+00
-1.248939252889659901e+00 -2.586498727567532629e+00 2.720385083134936988e+00 1.764478405291526608e-01 1.082670580962561552e-01 6.579307818251072248e-01 6.663806035239590031e-01 1.361347210862350776e+00 6.965051276233118482e-01 -3.573006879442717221e-01 2.972188857246712779e+00 1.321388308858106875e+00 -1.526450800725363544e-01 -9.533416002956902890e-02 4.110616798289655482e-02 -1.438981768637779268e+00
-1.216981432163439125e+00 -5.372927698421625653e-01 9.568912746456899043e-01 8.982971197155259491e-01 1.280793357021451362e+00 3.971283764457623211e-01 1.667904430129215632e+00 1.288732663442577531e+00 2.596175377608489487e-01 -7.969972936324166701e-01 -1.903788262530776487e+00 -1.267763662492909171e+00 -6.400765597000996898e-01 -5.227093015407071608e-01 -9.628574317716057096e-02 3.671019386227908909e-01
-5.566168237362586479e-01 -7.413851083185437618e-01 8.494368427942772248e-01 1.800062418249395391e+00 1.178704846736492451e+00 8.326914910687255311e-01 6.242996393441789804e-01 5.397450049878256273e-01 8.148058692192498009e-01 7.821902406171652444e-01 5.872485929542515803e-01 6.225871943385481444e-01 1.541308554109002138e-01 1.162706843491802866e+00 9.099187198196205806e-01 1.961331198027380443e-02
