2.555160175782413390e+00 2.444721776698489002e+00 2.668226554283794183e+00 2.574606792941502853e+00 2.177509798074045211e+00 2.573746911421820105e+00 -2.982366868634220847e+00 3.137266695147181039e+00 -2.798015830670455895e+00 2.699818586498195394e+00 2.667635116827592690e+00 2.095269638486632502e+00 2.281055945829371989e+00 2.865107523085869357e+00 2.380158030256791513e+00 2.231779686150629161e+00
2.424533683976947351e+00 2.591656617621297620e+00 2.590962006311979593e+00 2.163877369115987381e+00 2.433660427760974798e+00 2.634058117246913078e+00 2.852689267507510174e+00 -2.972059359730022887e+00 2.994889033582132321e+00 2.497113237475430569e+00 2.465747792738228750e+00 2.599671041563246909e+00 2.283080742655639650e+00 2.873381308509357357e+00 2.350954635553488270e+00 2.388632334759913878e+00
2.844243637570507133e+00 2.637910778831010994e+00 -3.008006484361991806e+00 2.856830753467130002e+00 2.476024819684231382e+00 3.045031043483203970e+00 -2.942461488301178818e+00 3.079374594124474118e+00 2.301361525054125501e+00 2.330955883069019574e+00 2.523381345441118473e+00 2.265383734065393728e+00 2.025885512809912914e+00 2.551534329183630323e+00 3.022510989350534416e+00 2.945137394423209987e+00
2.576407181339080754e+00 2.937827569815187001e+00 2.589247245999009017e+00 2.597293011661459428e+00 -3.104404486845270483e+00 -2.987682726638421382e+00 3.011142592909464177e+00 2.527190514146422817e+00 -3.096630921245612900e+00 2.959823798569259257e+00 2.642872785575971939e+00 2.585134940090499711e+00 2.172998594150783891e+00 2.526211813313444132e+00 3.005212275089180096e+00 2.742415648114270965e+00
2.977044747301342831e+00 2.542270705108552242e+00 2.782619775639771920e+00 2.905788533649346306e+00 -3.102145099775599935e+00 2.414565790894996233e+00 3.088751433986699713e+00 2.649255969591370885e+00 -2.943160166837659464e+00 -2.872973754778715527e+00 2.828277862854645441e+00 3.117393471862994758e+00 2.924792766362986463e+00 -2.656156740156377261e+00 1.976505769461973649e+00 2.733173527154265425e+00
2.743612349636755710e+00 2.853500671890069285e+00 2.616588873071290511e+00 -3.095635499113046141e+00 -3.044814811699779522e+00 2.796754796213039906e+00 2.241032432946087560e+00 -3.118581773204325280e+00 -3.009871240592821184e+00 -2.769227365560459120e+00 -3.100138491519342399e+00 -2.857394003867973264e+00 -2.943150545538407936e+00 -2.894892437392964535e+00 -2.860533172821599024e+00 2.880689485869046162e+00
2.206523012927925187e+00 2.569135241108401413e+00 3.037814146784253655e+00 -3.051821656549050132e+00 -3.016965469191138727e+00 2.704028608375184550e+00 2.791395783079237525e+00 -2.959732905289854443e+00 -2.886445348996254712e+00 -2.863014482452678422e+00 -2.662539529278633132e+00 -3.028872799453814046e+00 -2.532147949041245738e+00 -2.966913808009848275e+00 -3.022146360519622377e+00 2.951869000951372612e+00
2.449173502138629388e+00 2.476477689675169902e+00 2.971179717829062206e+00 -2.690176875827212655e+00 -3.075309944135608209e+00 3.032362796534809224e+00 2.853677555960966394e+00 -2.899685148433477355e+00 3.063131769085028377e+00 2.896160981738939544e+00 2.682531681761043618e+00 -2.998698070502803681e+00 2.840101641904571927e+00 2.401486061477084988e+00 -2.591865696609354508e+00 3.017918574312145719e+00
-3.113962663469028502e+00 2.710521198950513799e+00 -3.018703501127032229e+00 3.031671936250644794e+00 3.004506621642629050e+00 2.848825464063616586e+00 -2.818249205946380176e+00 2.948461657831467964e+00 2.890861081119384224e+00 2.592366001543766618e+00 -3.031670265850053614e+00 2.991413574628624783e+00 2.814707751550232118e+00 2.485183981186700919e+00 2.693331205238132409e+00 -3.050892381427602995e+00
2.990840808236575832e+00 2.864998323276341630e+00 2.487738086091956458e+00 2.821375550350263772e+00 2.899824782794745204e+00 -3.084500649623650226e+00 -2.817363038766145245e+00 -2.920037966174478417e+00 2.667129547500768805e+00 2.348641726094804039e+00 3.032712391511244832e+00 2.717326378037911105e+00 2.444332785323489965e+00 2.709597937319696559e+00 3.079505059213866414e+00 2.920448558264171712e+00
3.050907344558444478e+00 -2.972572207888600104e+00 2.632649816385840946e+00 3.021993235532291600e+00 2.249912934638859330e+00 -3.083558754123208345e+00 2.904988512289486735e+00 2.974670468720151284e+00 2.540819510564503947e+00 2.903221790980559103e+00 2.797507486326438642e+00 2.850662930819628738e+00 -2.815127019485920368e+00 -3.129319450516483858e+00 2.748048561630259901e+00 2.799037579299559653e+00
2.900342430414549533e+00 -2.973171677421035053e+00 2.827051405913671100e+00 2.767466721256689688e+00 2.778479224768169775e+00 2.870115155822564379e+00 -3.072912858469600828e+00 -3.042048627762703905e+00 2.027647364162702637e+00 2.335845860025553389e+00 3.003040866833912581e+00 -2.968288937972408448e+00 3.054382750741400532e+00 2.975717724419979060e+00 2.547677837936256129e+00 2.659980452410419360e+00
3.048211115483854261e+00 -2.580313724567260270e+00 3.043910285086497858e+00 -2.454169780505121690e+00 -2.874321486741894915e+00 2.414882719126163035e+00 2.731188984870396741e+00 -3.053744111044197407e+00 2.896234579054699942e+00 2.671752808461880235e+00 2.836833678773547973e+00 2.830322816470928871e+00 2.703288246867986189e+00 2.332869905531487653e+00 2.465144691930416077e+00 2.453973583485463461e+00
-2.927077836752370654e+00 3.060321492204032712e+00 -3.069742210699651697e+00 -2.905351839496906230e+00 -3.059912614144384868e+00 2.172073662418560591e+00 2.891986999318083562e+00 2.903952869563232841e+00 -3.011097216096645379e+00 2.671337741095057616e+00 -2.809717447478885965e+00 2.984183090574347830e+00 2.707149171918151964e+00 2.877521604489412965e+00 2.692110318922880552e+00 2.016088354658935433e+00
2.717495071422070030e+00 2.625300523681754150e+00 2.540935565819316455e+00 2.488783620611327407e+00 2.577153153259731599e+00 2.723928865984250436e+00 2.962871974028233435e+00 2.858422808835125561e+00 3.072034078806749058e+00 2.658563717390533654e+00 2.817490344175386241e+00 2.304203300827988965e+00 2.686711468831720406e+00 2.978254509365710234e+00 2.643663305101158212e+00 2.340818083981713649e+00
2.389038800286219733e+00 2.100342834543814430e+00 2.448692184688542106e+00 2.902560104483524750e+00 2.726366688952353901e+00 2.542890811191741651e+00 -2.571154111378542328e+00 3.110053505522148320e+00 2.639660150901606883e+00 2.275351729963978276e+00 2.749288715855223053e+00 2.843079652581940842e+00 2.911926773420338677e+00 2.654595402917112601e+00 2.533026704544054208e+00 2.720318387802817650e+00
