8.671150550996696849e-01 -1.529607466250496317e-01 5.124536806700126235e-01 1.878964379663533024e-01 -4.242877667461125712e-01 -5.939182286843842640e-01 -9.263709386974390281e-01 -5.841337815689874313e-01 8.060623513747283697e-01 8.267086081059870084e-01 -5.991564908150114055e-02 3.333673035702543475e-01 7.888235638629133017e-01 2.894483885818628921e-01 1.056996481039631952e+00 2.108437615310126134e-01
1.735705684538966453e+00 1.070311553741784438e+00 6.094580479866676948e-01 2.490025330644499435e-01 -2.721061074616672459e-01 -1.992278999065288048e+00 -2.545893833680514362e+00 1.704973091414657915e+00 1.929837731975509563e+00 1.600445718486991797e+00 -1.631373786297862505e-01 4.604043117224724257e-01 6.590987368695100379e-01 4.874100313501503745e-01 4.856071980454323977e-01 6.894383938772028486e-01
1.575213160046964322e+00 8.355594967804266249e-01 -3.321703917721316457e-01 3.519235655024465226e-01 -9.807999939100437575e-03 -1.637810049126499523e+00 -1.773291192836154995e+00 1.036417698198229126e-01 8.965976662060837210e-01 1.648134512992764922e+00 1.617530843675467178e+00 1.414640795585605071e+00 2.406432024716718576e+00 2.675503936726065568e+00 5.080216862513615983e-02 1.492160173170067328e+00
1.235456297911387891e+00 4.472605228150184908e-01 5.152620984414572058e-01 4.683346700410063179e-01 4.799039245762070083e-01 -1.008756075166312272e+00 -3.961998306379000412e-01 -7.809529985830027110e-01 -9.341320955788535996e-02 1.230407214989412967e+00 1.833413842890009082e+00 1.306259068875124552e+00 1.317091633890837388e+00 1.988391642991828911e+00 1.235560276959784654e+00 1.368751862737530578e+00
1.420348188782573073e+00 -1.239216749971846054e+00 -4.380904711209469837e-02 -3.977104620450947481e-01 -1.543874018541564475e+00 -1.090127231944755914e+00 -9.701300585537635246e-02 3.133333004540275746e-01 9.688913563068989390e-03 -3.945790023329511786e-01 1.043873939116096272e+00 2.325088110574041467e-01 5.408874322905856680e-01 2.167867069902768229e+00 1.363032240515877236e+00 2.155619289187861831e+00
1.227615685522229771e+00 7.963623586180881286e-01 2.578582372128135902e-01 -5.508685671521952321e-01 -1.743972371792529952e+00 -1.677287475252136950e+00 -6.033923408123207377e-01 1.180700515552438601e+00 -8.185964677537416580e-04 -6.561088112636569158e-02 1.143316506485959477e-01 7.005969893688449579e-01 9.212210552807185149e-01 2.555321799328169607e+00 1.730936470831671681e+00 1.572349424344746449e+00
1.871036897887550676e+00 1.658891221612482703e+00 -5.758409396403602054e-01 -6.078489925376129310e-01 -1.588245228574580281e+00 -8.974818830880516574e-01 -2.063966867887875589e-01 -1.288974483833055684e+00 -2.571972964616724977e-01 1.364223785366948771e+00 1.580968205837033902e-01 3.759757562102886697e-01 3.896602253771805913e-01 1.821123116858475832e+00 1.079779330247981006e+00 1.666377307239733874e+00
1.374168407803088243e+00 2.082530243753357269e+00 8.949670208043500885e-01 -1.294891720938187163e+00 -1.381370809527347476e-01 -3.706355231737631373e-01 5.223901813005337597e-02 -1.876620906162371205e-01 -6.708992011388140719e-01 -4.398890774978030938e-01 4.333193024436509666e-01 9.381558841663047987e-01 2.452441698085889410e+00 1.650518757868034703e+00 1.463016057157331407e+00 1.237388890057302904e+00
7.734272296691380166e-01 1.150991134474057542e+00 -2.153143408785923307e-01 -1.160001886510521940e+00 9.534466077568287679e-02 -1.207722810911357803e+00 -1.242910337031301715e+00 -8.821728621461787379e-01 -1.729892434427388936e+00 -1.617273555942770613e-01 6.436752446379107040e-02 1.981521810282452500e-01 2.191376669765341401e+00 9.074838620331194816e-01 1.212865214527815150e-01 7.915936001019413526e-01
3.218628243860696125e-01 1.649841980788649076e+00 1.194261536917266886e+00 3.950073020682562941e-01 8.621905347512976991e-01 -1.281867450353596949e+00 -1.223214360453994232e+00 -8.136127914827161467e-01 -9.227519368810299660e-01 -1.170116203968323138e-01 2.036622626999992081e-01 1.388917339586463795e+00 7.967020056536020522e-01 6.886497705679871517e-01 1.567303641784282275e+00 4.215551451742651778e-01
-1.993853772158843130e-01 2.907526185255851145e-03 -3.000610977007061586e-01 -1.654593925953149025e+00 -1.515690163709178639e+00 -1.246491718544191496e+00 -9.693774922706632768e-01 -1.658195303972380019e+00 -8.548715573219707320e-01 -5.904706592307089608e-01 5.001657624308520900e-01 1.022875508832011615e+00 1.253482849645047303e-01 2.971571983115623983e-01 1.120195135070402914e+00 2.187494285145979989e-01
1.062602452553077281e+00 -2.299190209150691611e-01 -3.862682377680975443e-01 -5.109287687005991119e-01 -6.900124689344706574e-01 -1.359541702373919803e+00 -1.453842066674960742e+00 -1.051317667770701680e+00 -5.755093035622272681e-03 -3.437947713741097006e-02 -7.190263499867162178e-01 3.036637886448598778e-01 8.849059795683628105e-01 9.976230244619995746e-01 3.220584573548910812e-01 1.138584667424821228e+00
2.191028924058363858e-01 4.533439652693739552e-03 -7.236033330296517407e-01 -1.005131233518040235e+00 -5.010104251371972905e-01 -1.020383696825631015e+00 -6.439458712115861960e-01 -5.540652594154430455e-01 -2.810186214683891848e-01 -4.202822388852462954e-01 5.495561987323812625e-01 -2.716927745176039855e-01 -4.424338991600082482e-02 2.648592312723914155e-01 -2.712074073416797515e-01 9.724427908308765911e-01
6.874613677185591465e-01 -6.322727244351731279e-01 -4.457974738576421792e-01 -1.246256983240244809e+00 -9.568259880099262427e-01 -1.290810003140843598e+00 -1.069312944765116846e+00 -3.789233153659661846e-01 -6.783281879678519644e-02 -3.920007138637351396e-01 1.092354137911359491e+00 -3.757267567888261661e-01 1.110521446316625471e-01 2.636757721886783257e-01 1.017049157744173593e+00 1.063001245752036583e+00
5.891746771914682101e-01 -1.171197054010081895e-01 -3.767182966228808660e-01 -4.404016201896030491e-01 -2.816228204018244030e-01 -1.420195723519358966e+00 -1.393471659687217867e+00 -4.921476429627279492e-01 -9.430894360000766641e-01 1.861812742748803484e-01 1.444289070602379432e+00 1.515890579683569106e+00 1.849207428681377330e+00 1.370692499900753702e+00 7.558163623694990063e-01 3.543714670660343957e-01
-4.311648839977164638e-01 -2.652182012107942577e-01 -3.803926677267145395e-01 -3.076882779137735668e-01 -1.555018809243456090e-01 -4.847479055415774285e-01 1.844877235453145359e-01 8.143412961133382755e-01 -1.140696603585828611e-01 3.588704807954535281e-01 9.555961076627028650e-01 -1.011823728267787326e+00 2.134502094156084107e-01 8.013727506275715173e-01 6.139768422673126391e-01 -1.027635390994123821e+00
