1.232638392254174153e+00 -1.682784786352485573e-01 -2.720153043440597385e-01 1.644215920969371858e+00 1.665311518472248231e+00 -1.866285767430462261e+00 -2.191744235510601602e+00 -2.075460104277736750e+00 3.124658890278657619e+00 1.732026401653078640e+00 -3.074240434557359514e+00 -2.406709066933073071e+00 -1.938963131331848944e+00 9.948377117457573027e-01 1.087405436513497969e+00 7.659251106118408758e-01
5.542034607468525609e-01 -8.242772154322396405e-01 -5.306059448124281763e-01 -2.227582927553339420e+00 -2.211132420501113138e+00 -3.028570272154983645e+00 -2.917426119164648224e+00 2.243472308307356222e+00 -3.032585784747465318e+00 -3.133153585617909354e+00 -2.632463703383522535e+00 2.286344074611608601e+00 2.735085746390962136e+00 -1.301010317022852081e-02 -7.966695379811651948e-03 6.978889668594605578e-01
2.296867189946742716e-01 -1.725279243275860130e+00 3.097595199422787271e+00 -3.728961477258933566e-01 -2.121844728385523293e+00 -2.609971838844653558e+00 1.536452194502731183e+00 1.243420575802326011e+00 2.432514839475267809e+00 -3.101452160159312021e-01 -1.573146973319373032e+00 -9.653063159345772748e-01 1.627031047901330130e+00 1.686631014209976298e+00 1.517024269237795098e+00 1.629823844010848122e+00
-6.320449769113847260e-01 -1.449928122402012853e+00 -7.360738310581464994e-01 -1.235552246402874976e+00 -2.539781893636499532e+00 -1.651854960794039595e+00 2.474823242906786014e+00 -2.066216442488923555e+00 -2.494222166890014858e+00 -2.688090323682367222e-01 -1.063947757268880023e+00 1.723807414121303561e+00 1.494874190792757851e+00 2.627660843894740861e+00 3.029681754910361402e+00 -2.394599619906146781e+00
-8.370065235979022855e-01 -5.323133114853880743e-01 -1.572852001823064727e+00 -2.431783757860430661e+00 3.019757794793658690e+00 -1.676151602493060055e+00 2.687321648344289660e+00 1.866755698614945613e+00 2.475382591936543974e+00 -2.171793250352946902e+00 -1.622306476478400761e+00 1.211934187081106895e+00 7.579172349032808897e-01 -1.964152065742679865e+00 -2.321521698045401205e+00 -1.026512493734636378e+00
-2.549390885688709751e+00 2.871989168588975794e+00 -2.660675884786094958e+00 -2.469882573560172379e+00 2.658081961507988478e+00 8.024698927641185087e-01 -1.099885152989167336e+00 -1.547995887342531018e+00 2.240520848525914488e+00 9.973793404981501354e-01 -3.856840684896833960e-01 1.624277645559802696e+00 -4.031608414857342226e-01 -1.171394756811467097e+00 8.220918583560752335e-01 1.639094191573243542e+00
1.122864161785866566e+00 -2.788400298110168318e+00 -1.819676267987475837e+00 -1.974070670938375072e+00 1.847554193803530920e+00 8.294457685966903915e-01 -1.338728867318413895e+00 -2.167194297423654437e+00 -2.956801550565119729e+00 -1.794306162894602874e+00 -2.638778564871833598e+00 -1.959724142326989549e+00 2.076266584838720508e+00 -1.357084367315478879e+00 -1.823627034230175248e-01 1.741991141232596574e+00
2.192400456624262084e+00 -1.807875538999479170e+00 2.391958928264655615e+00 -3.495802708180791307e-01 1.573761982174140428e+00 1.152164657108970758e+00 -2.045886436960406396e+00 -2.389670616333305908e+00 1.325034514204747271e+00 -1.559142561451244635e+00 -1.786145767081022129e+00 1.914370998078820607e+00 5.723548823087731829e-01 4.549657450819682980e-01 1.132543269641250960e+00 -2.927358349588252473e+00
2.968470179876244064e+00 -8.273660595186124178e-01 -2.752668307692220928e+00 1.252847788545959684e+00 7.636748938325551572e-01 8.213108831448107106e-01 6.898659137167787447e-01 -2.852260478045305914e-01 1.495727448056539455e+00 5.133286408947014268e-01 -1.038562073829665922e+00 1.598105904396244892e+00 9.201197995493430870e-01 2.340015419046711731e+00 2.643624839211373256e+00 -2.481559397447668402e+00
8.226230155199795169e-01 -4.524592598260565035e-01 3.523864639215871231e-01 1.638153274656414027e+00 1.244616782067695882e+00 2.501050831454982304e-01 3.578023597205712975e-02 9.571414032162153251e-01 4.717377285416268773e-01 4.093242803591132795e-01 4.684684474077869809e-01 -1.384702314380586774e+00 9.303648279596891946e-03 -1.040715669981302938e+00 -2.001679247286964003e+00 1.872509527336694513e+00
1.768594463015334406e-01 -8.661354447789034738e-01 6.042424211356061114e-01 -1.204504025349067975e+00 -5.082158353666550443e-01 1.307766324786933110e+00 -8.174879897394047301e-01 -1.830895573519968789e+00 9.574487410109734364e-01 1.487322771834795443e+00 4.122261971068326772e-03 6.555119358820710174e-02 -4.467467205991776935e-01 4.468800346429862014e-01 -2.749751921607424876e+00 1.656421692610689389e+00
-1.880078094903204489e-01 8.691311886235701945e-01 2.274388767995625393e-01 2.551863215678055852e+00 1.267345912102214811e+00 4.327096106331851377e-01 2.308956293649188918e-01 2.920658280090934866e+00 1.689797476208007687e+00 1.722444335945069627e+00 1.613522176318807677e+00 3.769244772454911629e-01 8.780806238682901110e-01 6.238527749518572030e-01 2.721504890118293218e+00 1.777350648589751003e+00
-2.123944176378917137e-01 1.890302564822423925e-01 1.701185413460261087e+00 2.834607003215393828e+00 -1.124764990946313103e+00 -1.787979320522748550e+00 -1.532787304450190957e+00 2.774111356935069939e+00 7.760085838031972882e-02 1.447779541317182339e+00 -1.354625638355958506e-01 2.434073475012961674e-01 6.625511316197385536e-01 1.569217021141414925e+00 2.521194872909177320e+00 1.921869187947480961e+00
3.721068433722960478e-01 1.676281048504551396e+00 2.835926776460338417e+00 3.011141934303573464e+00 2.849340314079273462e+00 -1.772298226025347923e+00 -1.018067219796254586e+00 6.692777935453403382e-01 -1.306327254751762368e-01 4.431379317310354393e-01 -1.522930472701259141e+00 -1.055327806762276222e+00 -3.383638541765607299e-01 -2.847054978516340817e+00 -2.348508022950745122e+00 3.658109967366888760e-01
-2.102518784326538881e-02 1.386375678384577981e+00 2.590591879967450328e+00 2.276080987575516801e+00 5.242313042842842163e-01 -8.923391180008275470e-01 -1.868718715798115992e+00 2.697281048031173523e+00 -2.782433593520398762e+00 -2.054988156674162791e+00 -3.048227884238400964e+00 2.723651216455726054e+00 1.517080493195213986e+00 1.760790256280440724e+00 -9.648507452048834532e-01 2.235079848689688620e-01
1.743515743877253721e+00 1.879342140393925442e+00 4.048688626665918333e-01 8.864444106810248636e-01 1.441626703233751305e+00 -1.657861257589879456e+00 -1.682644954048886587e+00 -1.573798952148654617e+00 2.791536190736651157e+00 2.375031412191956015e+00 -2.452685840517675242e+00 -2.172802440795458256e+00 -3.101771858097098100e+00 2.803696184269385050e+00 7.702854561716206971e-01 1.357205989117730605e+00
