3.008632124792417262e+00 2.912347615644124144e+00 -3.062980276702760740e+00 -2.794739406144026272e+00 -2.681580639305340519e+00 -2.941909514470559817e+00 -2.858967372994619893e+00 -2.578849935666175597e+00 3.025841661362749235e+00 -2.891511455049043278e+00 2.902596156245195846e+00 2.859718333520210987e+00 -2.833503419505392085e+00 -3.027492190715019404e+00 -2.902269738364291030e+00 -2.796964002797944548e+00
-3.043394884450463689e+00 -2.546588070949764138e+00 3.126997843294550883e+00 2.545989398883100829e+00 2.885007793587603064e+00 2.997598687886881219e+00 -3.095726186966437421e+00 3.040671555514114832e+00 -2.822714897087065911e+00 -2.808472188138348535e+00 3.026549290293365502e+00 -2.901399934622507004e+00 2.992735239114613588e+00 2.856430871974021013e+00 2.587737605689990339e+00 3.033893414980996628e+00
-2.741981974332742045e+00 -2.279046931648945229e+00 -2.319688552061863973e+00 2.826997964109362105e+00 -3.095414471802131029e+00 -3.086046829163010763e+00 -2.365586559740645356e+00 2.924328243102598979e+00 -3.043756866931329963e+00 -2.441144763324406330e+00 -2.562885743144619699e+00 3.024981088339733670e+00 -2.556892582222582533e+00 -2.941302186465888369e+00 -3.127870455277347528e+00 2.928534113467409217e+00
-3.069043141384584228e+00 -2.620719097397547603e+00 -2.729119647435515716e+00 -2.794435346279677379e+00 -2.723119268111495739e+00 -2.306349802233509827e+00 -2.421361966202239646e+00 -3.133326962157072515e+00 2.631458448528031013e+00 -2.923317744204343427e+00 -2.909497956756848414e+00 -3.001123251458122976e+00 -2.606419124537938892e+00 2.968324268769828578e+00 2.480007036760226047e+00 3.033221516264867468e+00
-2.514176140055266462e+00 -2.475057895769168681e+00 -2.228476188186803153e+00 -2.710820126335721891e+00 -2.876715254835288782e+00 -2.529933859211620284e+00 -2.975298607637050008e+00 -2.878043271977273054e+00 -2.910494056085854986e+00 -2.698548657247227034e+00 -2.885230905411269031e+00 -2.522247621958023434e+00 -2.683327993245114840e+00 -2.579489136662146187e+00 -2.827876139476297013e+00 -2.971782102284257210e+00
-2.624041419105773709e+00 -2.859869866664788152e+00 -2.662396524492923522e+00 -2.706717662236096444e+00 -2.592497506774284588e+00 -3.033310121133893311e+00 -2.877997821392217048e+00 -3.065356659287339358e+00 -2.691171235564297159e+00 -2.526873463490711291e+00 -2.426076063475407274e+00 -2.595280028664311622e+00 -2.600210833545673950e+00 -2.663168337716967926e+00 -2.552843065076662032e+00 -2.515424890311604322e+00
-2.869738438812474701e+00 -2.723248964252496851e+00 -3.137803784763958603e+00 3.139756212907838240e+00 -2.573603136030286009e+00 -2.979276163064334071e+00 -3.089554091962186000e+00 -2.715630562651764279e+00 -2.600364803208219833e+00 -2.823494266803832087e+00 -2.794931017070555246e+00 -1.880854609842743219e+00 -2.220835289830279002e+00 -2.657055787030528915e+00 -2.286522803424507089e+00 -2.279865512174982012e+00
-2.867338513621065399e+00 -2.747570450430282474e+00 -2.841857303239580190e+00 3.111194359973764367e+00 -2.856110522983872357e+00 -2.928579279175445027e+00 -2.971536658644577500e+00 -2.848527412436158368e+00 -2.721696411328743626e+00 -2.976360633068019013e+00 -2.756144526657087201e+00 -2.298722970469276206e+00 -2.636639051340313511e+00 2.901058149034573042e+00 -2.729755514815555895e+00 -2.691433296906252881e+00
-2.793930544270445182e+00 -2.732703620355600549e+00 -3.093657247902046326e+00 -3.114770595766599648e+00 3.109874030529249822e+00 -3.095553892242747018e+00 -2.975064614120203288e+00 -2.711942127822835058e+00 -2.201703002749826776e+00 -2.853237052879733948e+00 -2.871216102881188004e+00 -2.697935357085837982e+00 -2.838187008382557330e+00 2.943804566309663251e+00 -2.983834972493895510e+00 -2.698958455719844718e+00
-2.745884276530056400e+00 2.975265952550089299e+00 -3.071937449629471129e+00 2.541594048938739192e+00 2.687933494969773740e+00 3.026548250609270241e+00 -2.576236001408891862e+00 -2.635144617983036675e+00 3.127366675759759129e+00 2.743184865860594179e+00 -3.090660816911293907e+00 3.124396486142350327e+00 -2.236985985064457338e+00 -2.774172491683303043e+00 -2.236186939416722197e+00 -2.887323363759173755e+00
-2.548627141799497675e+00 -2.819870112283024977e+00 -2.741248860730805870e+00 -3.020805016862329051e+00 -2.598314154757132677e+00 -2.336468581222015839e+00 -2.529010584277522344e+00 -2.636826223289581606e+00 -3.069570096986368846e+00 2.681742740420370197e+00 -3.037375176703084989e+00 3.043043868914490524e+00 -2.620358039226371449e+00 -2.976155931825951395e+00 -2.446476455702156994e+00 -2.689410509425113283e+00
2.975268445279668050e+00 -2.965428215434456227e+00 -2.346217576490116308e+00 3.030682821596804022e+00 -2.874772813484123724e+00 -2.683126379623909319e+00 -2.949139836812604276e+00 2.916709658429072149e+00 2.896950262965660272e+00 2.898020540952095825e+00 -3.138071822705713831e+00 -2.680053525326687947e+00 -2.590274117167963297e+00 -2.724337741958646752e+00 -2.723294289173097127e+00 -2.954541770445549442e+00
-2.810850138657249087e+00 -2.657812814232897836e+00 -3.112596606852104486e+00 -2.578766927658079133e+00 -2.820117528531372209e+00 -2.653382729196040568e+00 -2.977389345468743453e+00 -2.340590629782667964e+00 -3.001733576836578266e+00 -2.776461670036875162e+00 -2.824022998392420991e+00 -2.422336506525277766e+00 -2.757655559574756499e+00 -2.608270037237451433e+00 -2.804164740487637086e+00 3.024901501828856532e+00
-2.038342106566624512e+00 -2.562011676575308261e+00 -2.548867370323486092e+00 -2.231343882267680545e+00 -2.898563015285230193e+00 2.843719903572217156e+00 -3.064829016132969208e+00 -2.671768809282675683e+00 -2.565440746494041413e+00 -2.248508472307613637e+00 -2.080189504777568921e+00 -2.365233308533790435e+00 -2.948596849775144690e+00 -2.499448438678357309e+00 -2.896335680185088801e+00 -2.020116067441030783e+00
-2.244274558423644983e+00 -2.976295097947645907e+00 -2.802933291269030569e+00 -2.812654441279348383e+00 -2.657841434986321971e+00 -2.979615119120189171e+00 -2.656963878683844538e+00 -2.850880443378096984e+00 -2.342010689835866355e+00 -3.029045922993395923e+00 -2.848990795757024852e+00 -2.949350631132199752e+00 -2.657887688296477702e+00 -2.425194968286688901e+00 -2.096273119060969137e+00 -2.684306886178992269e+00
2.815992724905040046e+00 2.909799748331367564e+00 -3.088298873032833569e+00 2.976638656643665559e+00 -2.828007892531071654e+00 -2.527258801271304645e+00 -2.879108633579956944e+00 -2.255623487502429914e+00 -2.377981175656267432e+00 -2.558613913722022737e+00 -2.926963634439751161e+00 -2.896281085740153305e+00 -2.426973742461818073e+00 -2.529085363838414757e+00 -2.842150374776121868e+00 -3.125395221069292351e+00
