1.847418420526236726e+00 -3.065211362002655093e+00 -2.930859817612031737e+00 -2.653057183211251946e+00 2.932200785202824900e+00 -2.865804323572549883e+00 7.055886492505419882e-01 2.176911051772195904e+00 2.282353968578792802e+00 1.482317249149255112e+00 4.860168644672404614e-01 -7.266281625160815327e-01 1.210299458878887624e-01 2.548124301392894545e-02 -8.688520616129009611e-01 1.763357394481671392e+00
-1.323818660425233995e+00 -1.661513086176643172e+00 -1.137300673309793453e+00 -1.732665425755486543e+00 -1.274663258535491117e+00 -2.415108788468786738e+00 7.616100970567153405e-01 2.429377387323616855e+00 2.236482384584728145e+00 5.964719257799002694e-01 -5.537638844481578004e-02 -3.040279319965108584e+00 -1.814413252380417674e-01 -2.814015401093952207e-01 2.312830545394591208e+00 9.779879187076352676e-02
-1.293206058478752363e+00 -2.558454803596672544e+00 -1.993525374063204458e-01 -5.834232590751624592e-01 -3.062513805727382632e+00 2.780322297544866927e+00 1.365080235109571660e+00 -5.668296093833867788e-01 1.774561538870840449e+00 1.066421663328562142e+00 7.734561532693123853e-01 -1.381448277681678771e+00 -7.599861670798371271e-01 -6.140482962747304541e-01 -4.580008449329994180e-01 -1.019465143196833568e+00
-1.356368273329194629e+00 2.241021647256733029e+00 2.139401529628540022e+00 3.067000762430757366e+00 2.580062680302807276e+00 -2.127124094578324076e+00 2.701598924565668192e+00 -1.476416486436884501e+00 -6.431877491025743687e-01 5.513440600698290561e-01 5.833729224018358028e-01 8.294439813955974961e-01 3.019542547266300114e-01 -1.144743566027817794e+00 -1.700226875423716422e+00 -1.341821055237387705e+00
-5.246685703540401313e-01 -2.275426097865262065e+00 -2.604038977386521569e+00 -2.525184995913757335e-01 -1.752007495913892487e+00 -1.035772872315025683e+00 -1.058374943393752377e+00 -1.601391490015314778e+00 -1.001701884292847122e+00 -5.469258127060189212e-01 8.000146619983478091e-01 1.002052352685662617e+00 6.945115449079202197e-01 4.407174840001019944e-02 -3.040284831545364552e-01 -8.059219050161696707e-01
4.447540280561985970e-02 -1.862430942862594030e+00 -8.182336867547498338e-01 -7.411109454807706109e-01 -1.299033465441678858e+00 2.887560870259787471e+00 -1.326205178536369100e+00 -2.500489017373327627e+00 -2.092592587622732037e+00 -1.205624964359679058e-01 -3.935011222340156073e-02 -7.119294747355985331e-01 -6.834407612657941167e-01 -1.717386796235736979e-01 1.053449337016175713e+00 5.840274416862308859e-01
-5.111129884951450819e-01 -1.266193536184875734e+00 -1.330577630748206008e+00 -4.216216421988875362e-01 -1.792396620010021868e+00 2.772514012838902531e+00 -2.548857405112250785e+00 -1.589247091836779369e+00 -1.557479407241749936e+00 -2.029832377439758417e+00 -6.898484929708152691e-02 -4.472660669284472812e-01 -7.084664868958219230e-01 3.420582348970546138e-01 1.850565775819941861e+00 7.343785918840856075e-01
-1.756481367436846686e+00 2.591460501985514142e-01 -1.869348433977988000e+00 -7.642791088425023860e-01 -2.511346480889146804e+00 -2.697662827711125200e+00 2.911706967067938301e+00 -2.820103162791657958e+00 -1.486777085626530770e+00 -1.414786937725072358e+00 -4.911045121119329560e-01 -2.518158425809827183e-01 2.969023943789965148e-01 -1.041451557020813601e+00 4.871487228300341865e-02 -1.150090327687641523e+00
4.858134480398321187e-02 2.906512141529027371e+00 -1.572787280908971352e+00 -1.752980463061940997e+00 -1.367599380703887313e+00 -2.504816012377932832e+00 -2.731861584236378704e+00 -2.188113013093283321e+00 1.713055700782533108e+00 -1.292623825838734808e+00 -1.184495430935548210e+00 1.021513075756816713e+00 8.778295283567792984e-01 1.967181127639884730e+00 3.677409175864939650e-01 -1.091468427792803730e+00
1.925364955183516136e+00 1.704909867042897487e+00 -1.423245895292305052e+00 -1.643929731294592189e+00 -9.736969444216967418e-01 -3.006879561100915588e+00 -2.646685013426628874e+00 -2.165970321869878923e+00 -6.063346804208183949e-01 -6.754824003847735847e-01 -6.837772486118897097e-01 1.204607155508889971e+00 1.871708482818559283e+00 1.561926792831364041e+00 -2.814957756953552215e-01 4.967782360968998057e-01
-7.458811982780916283e-01 4.371073429671764043e-01 7.883359257857106561e-01 -8.793700187751160025e-01 -2.435451035355261418e+00 -1.928445518341998621e+00 -1.394917552598487154e+00 -2.720254976676534930e+00 -1.838525362398981899e+00 -1.902673290806659034e-01 -1.038036223045418094e+00 -1.439510808126680530e+00 3.971241922883304021e-01 2.236146196781081674e-02 3.968461664436094549e-02 -1.250672116835243708e+00
-2.354090452769245778e-01 4.099289279662647958e-03 -9.153563649133698021e-01 -1.312270245895005294e+00 -3.140906430141560790e+00 -1.634313620923768307e+00 -1.716680904296219445e+00 -2.071835606592714818e+00 -3.011335524382474649e-01 -4.531611406533376241e-01 -1.155572680145546816e+00 1.976005941618756534e+00 6.817306425940576897e-01 -2.159674693806887813e-01 -2.084206377232201701e-01 -9.926589004053792964e-01
2.677077638807136228e+00 -2.478208107958149498e+00 -1.119827097816750827e+00 -1.768542310243717663e+00 -2.929851076813112520e+00 -1.730907158782617694e+00 -1.753775078343978278e+00 -8.340891230174350968e-01 -1.313433670617636606e+00 -1.306861642870415396e+00 -1.753836868624953693e+00 2.896352830917942267e+00 -2.566074761149333749e+00 -1.448662783274382138e+00 -9.745749288291796208e-01 1.337392862836368934e+00
-2.679063452270025625e+00 7.487540926753191162e-01 1.323063752849932939e+00 8.159048251387847339e-02 -1.637299720637140910e+00 2.982039939225066494e+00 3.133582209109369465e+00 -2.342342114418102472e+00 -2.845156934873389165e+00 -1.307728927605696700e+00 -9.763621314151367248e-01 6.584625766724280238e-01 -1.470749180092794983e+00 -1.906808300443569193e+00 -1.050791960803379999e+00 -9.064551547778643137e-01
5.063498890376902928e-01 7.621070514852156252e-01 -4.310811985814964609e-01 -2.490986202882651490e+00 -1.836232459299165898e+00 -4.706645015285653155e-01 2.476133480523611041e+00 1.676665503327380735e+00 2.977505724922056896e+00 -1.927108386932904649e+00 -1.284051303478373818e+00 -7.677870604285264022e-01 -2.209245941073645358e+00 -1.582446665633358007e+00 -1.007721124397995327e+00 -5.659528252448369212e-01
1.325072879158827988e+00 3.612140770887836139e-01 9.980099816857598283e-01 -2.686788691777881155e+00 2.491732276501742227e+00 -1.009825168680817287e+00 2.385073375478859725e-01 1.433684074293757993e+00 2.216540778083511132e+00 1.642430654335461870e+00 2.320298498006170274e+00 -1.149891168596684166e+00 -9.162172925511086197e-01 -1.127103222051496045e+00 -8.825953035178903949e-01 2.533440443232979344e-01
