2.546155786091625420e-02 2.176362409559378541e+00 3.108263766966319341e+00 2.675301595969416635e+00 5.410628203903766753e-01 -2.010640813718962416e+00 -2.546636881416063591e+00 -2.305046952830968721e+00 -2.114336188353821644e+00 -1.704092891940293342e+00 -2.480342374274024930e+00 1.132820043761762152e+00 -5.080647001639188032e-01 -1.024421014211206682e+00 2.495127380719785570e+00 3.027200578625607874e-01
1.508077972157228164e+00 2.216253630377413408e+00 7.767118346691913588e-01 -2.490144298864331307e-01 1.181222610260245776e-01 3.117911885084984736e+00 3.087935361132017054e+00 -9.960522134176084119e-01 8.931469888617927788e-01 6.659175931073548771e-01 -1.143939256529190734e-01 -7.821278217737427374e-01 -2.626725836109497614e+00 -1.349106538836738478e+00 1.437014209056694192e+00 2.946119078601002750e-01
2.795932608863988200e+00 1.756955562233395884e+00 2.328911486637518902e+00 1.561722572548944088e+00 6.269808257603857182e-01 -8.875225634612604608e-01 -1.242075875085506542e+00 9.389511710533439137e-01 5.669420550272642467e-01 3.769385243394266505e-01 -4.962562190949699192e-01 -1.797759242973911764e+00 2.619064736399670412e+00 3.009147239706146060e+00 3.628552455677698241e-01 9.875091328747254149e-01
-2.225640709813340390e+00 -2.881774169369011873e-01 7.410545692287034969e-01 1.691707088783310997e+00 1.503434909651381934e+00 1.073971229281842632e+00 1.895700018996655078e+00 1.545377290145957039e+00 6.339591016409342958e-03 1.239698373723531200e-01 1.140835077837696776e+00 2.073190699274402693e+00 2.117962614752217032e+00 1.169597995409965119e+00 7.674680155582587204e-01 2.696694508901481768e+00
-1.872294593464581602e+00 -3.047826254657734157e+00 -1.132058387465361467e-03 -1.182306219559486477e-01 -2.023672807078701896e-01 2.316693837818023738e+00 9.985787742690147573e-01 1.748199292035302221e+00 2.568677433342057559e-01 1.154920137087544374e+00 6.505601095567906667e-01 -2.850396088045675097e-02 2.291170347259915197e+00 1.419008432029733813e+00 2.224075701467779359e-02 -9.071602186350606889e-01
1.690982599716571722e-01 2.278111002560637033e+00 2.475879001370256738e+00 1.776917050504547069e+00 8.046976815014152962e-01 1.773639601719928960e+00 1.536543023729743052e+00 1.140358830018682657e+00 1.462306796528517250e+00 2.195618157226498113e+00 1.315548659711074153e+00 3.065402398288056052e+00 1.856035168698138005e+00 2.366877454926346491e+00 1.135317024237104233e+00 5.094755725013661030e-01
8.225547131855442951e-01 -1.793469917549610049e+00 -3.060790108931070730e+00 -1.465153278083808353e+00 -1.449585568691255377e-01 -2.829993350801138341e+00 1.153760186020359013e+00 1.733850451391407033e+00 2.053781664025863041e+00 2.742325204256514493e+00 1.838675188892953338e+00 2.700243221636926982e+00 2.455781979437154039e+00 -2.378261123166973245e+00 2.134447459944564862e+00 1.740937528037858950e+00
-1.257831668628381472e+00 8.909871092654401137e-01 -2.452579067047816697e+00 -6.337053823782282658e-01 1.189285908265698133e+00 2.310357574160318173e+00 2.741988728245691398e+00 1.857953501946599140e+00 2.938526133796627970e+00 -7.910311283543696170e-01 1.239302545029586478e+00 1.918975498451235939e+00 1.715152077178976775e+00 7.595759440576044241e-01 7.264440218505572311e-01 -4.343673203166302788e-01
1.192098628204038224e+00 2.313350487870351191e-02 1.418599680977761679e+00 1.218337538292034061e+00 1.261330341281000411e+00 1.532921528840385239e+00 2.795536606374557920e+00 -2.424485564899828915e+00 -2.258208300570947458e+00 -2.734011324522838127e+00 1.968806432206125834e+00 2.744138294502747932e+00 1.194978721893651841e+00 1.210182689570739711e+00 4.108108384720854378e-01 1.163871620705796861e+00
1.752747780539078759e+00 -9.257260325374026821e-02 -4.906511848300865175e-01 -4.815626231073016350e-01 -2.217040605422495453e-02 -1.103771303408962012e+00 -2.573208219738329028e+00 -2.582327126905429981e+00 -2.910212912397279528e+00 -2.891405684006298937e+00 -1.977105821075627379e+00 -2.774805282933845429e+00 1.507431755746665991e-01 7.346545674781720381e-01 -2.992451466532356719e+00 1.578410150537646439e+00
-2.302105430055242152e+00 -1.660137100669053734e+00 -1.741640285167876945e+00 -2.264008408825554375e-01 2.771846710261534064e-01 -5.132010935644585325e-01 -1.768486608058572607e+00 -2.161486449399167675e+00 2.511342592886192993e+00 2.753428728565436412e+00 -2.842452080980177431e+00 -1.159139783319442119e+00 -2.102174462839585090e+00 -1.307473305720100898e+00 -9.887710441480327406e-01 -2.626857921926522899e+00
-2.302000892667636744e+00 -2.598924599966237370e+00 -2.957450800842571503e+00 -5.417822810602980210e-01 -5.478561616656425493e-01 -1.685652176227001142e+00 -2.403776608506911217e+00 -2.576636492666357192e+00 -2.448888774794808931e+00 2.467871939618848209e+00 -2.246845777930171206e-01 -2.043443702590570510e+00 -1.563831898224470107e+00 -2.431251130933339832e-01 -1.717224544197296865e+00 -1.319009421211379873e+00
2.963934075825744419e+00 -2.947158566559747062e+00 -2.947511092759575124e+00 -1.632597858922106404e+00 -1.132219503712042830e+00 -1.864683587606810633e+00 -2.272925019721617979e+00 -1.744911128799024880e+00 -2.046291636957192406e+00 -8.626527927095515302e-01 -2.236568119505516705e+00 -6.350585056663091699e-01 2.361648714413991934e-01 -1.128079621755819106e+00 -2.167983749218375777e+00 -5.313215313864996237e-01
-1.536278864103152841e+00 -2.828333866371421479e+00 -1.812803469607579876e+00 -1.025325355274283312e-01 -2.333093684029725168e+00 2.629141180580320647e+00 -2.239214251493897301e+00 -1.755134242703815239e+00 -2.416842596424688683e+00 2.003598596441031887e+00 -2.240021573877546412e+00 -1.960065870780138830e+00 6.759659574113149327e-01 -2.321468200772910606e+00 -1.073135266853415093e+00 -7.782993782568871088e-01
-1.797462796324498679e+00 2.734642441925913658e+00 2.648775636148767987e+00 -2.651544832300084309e+00 -2.702627489848974829e+00 2.415187251842203953e+00 -3.002630919205105386e-01 1.818722874051988514e+00 1.521067867581263444e+00 2.761477535120002713e+00 6.152919131978585865e-01 -3.038871774679137605e+00 -2.063660514742055252e+00 -1.027320243291135915e+00 -1.115296414872767983e+00 -1.684605663986502799e+00
-4.639740273311045993e-01 2.434633957578745456e+00 2.749538990078948419e+00 3.097384765607586132e+00 3.077786129455757802e+00 -3.136549064965785671e+00 3.138669544240614062e+00 1.912477778525915939e+00 -3.100861880485143551e+00 -3.057319512995797517e+00 -1.070917449774115848e+00 -2.757895208651710117e+00 -6.224579521176006880e-01 2.584898649395224735e-01 -1.292999155873555184e+00 -7.185275154598964598e-01
