-2.437285389387597423e+00 -2.425378433614460594e+00 2.641934363524876872e+00 -2.421747736073182722e+00 -2.706117718629458047e+00 2.725719767429060525e+00 -2.241949058619754798e+00 -1.177101267973266863e+00 -1.808146207529992333e+00 8.611947153352242368e-03 -7.149588725545799051e-01 -1.476797937613090861e+00 2.409310259895487416e+00 2.192575610199066993e+00 2.797689382342777975e+00 -1.529775158679878455e+00
-1.399473669795703756e+00 -9.838335203517096783e-01 2.993651233615723495e+00 2.917284746386207939e+00 -2.405428793202749382e+00 -3.071433210516928636e+00 -8.801848113962984499e-01 -4.603301362133788155e-01 -1.629222782849211626e+00 -1.157206166480411191e+00 1.080126800034508783e+00 1.291244179775472789e+00 1.791394263761988626e+00 1.773114043897622727e+00 3.047970862825212013e+00 -2.408245879339221407e+00
-1.834753674676346868e+00 -2.371628506099107359e+00 2.763946500274976792e+00 3.124668234859429461e+00 2.967265949850445228e+00 -3.065769516215604895e+00 -1.306415547435053615e+00 -1.170782113077016184e+00 -2.582694492267398445e+00 8.921211764908439090e-02 -4.694536788083644718e-02 1.267313685312585037e+00 1.820006980121943729e-01 6.860470283315355244e-01 2.961214337209218783e+00 -2.322349310842964698e+00
-8.219573904105523798e-01 -2.429486675168785137e+00 2.873892496409178321e+00 -9.528554716164778782e-01 2.653266094579719958e+00 3.096585005738296204e+00 -2.425774325499337358e+00 -1.894939336819740916e+00 -2.675463717986587664e+00 1.151881200581416298e+00 3.184139864243529239e-01 1.664038403126351762e+00 1.768271582748082382e+00 8.588683029112504919e-01 1.964440070387270421e+00 8.046554064581374899e-01
-8.996619384781137096e-01 -5.685488104518353625e-01 2.536699032161031098e-01 3.494568556913760782e-01 -2.529969448467720206e+00 1.866139423412624065e+00 -1.913803762597088509e+00 -1.629999231761560141e+00 -8.054957239279881831e-01 -6.290816634786176031e-01 -9.192519226994438908e-01 7.656848960450868269e-01 9.540399502948592181e-01 8.765095711215576957e-01 6.457611783709844566e-01 6.922475239953818082e-01
-8.903645302340962298e-01 -2.928401655159397141e-02 1.083619233986810926e+00 1.483657490881043484e-01 -1.983740459840611647e+00 2.844431229543300965e+00 -2.195158135574394986e+00 -1.142551404739736709e+00 -1.557348126755927487e+00 -6.137823408952779169e-02 5.517071823019730203e-01 -6.554805319569384503e-01 -2.367599637570269311e-01 8.710682570647189094e-01 1.107474918733666769e+00 -3.741504316584451893e-03
-1.018275514978385088e+00 6.034388654942312025e-01 1.350732489165156869e+00 1.528766304419787669e+00 1.509479096549933397e+00 2.701900398839307549e+00 -2.268853689992294420e+00 -2.668279445005047101e+00 2.676436971557646594e+00 -7.661054522078957207e-01 -3.229985434736940553e-01 -9.567367841707615783e-01 -9.360028264521118579e-01 2.684911599019169093e-01 -5.308839964235473330e-02 1.173489269959539644e-01
-9.444422950901775193e-01 6.054536221319831713e-01 1.757841623554209587e+00 2.332765783169077789e+00 1.578154090957715416e+00 1.238961410624016102e+00 -2.963094225762580969e+00 -2.417111994928880847e+00 -1.203645678553664534e-02 -5.021473290449567362e-01 7.674758977223250511e-02 -6.527078658567452285e-01 -1.498357488319643327e+00 -2.569068280509789748e+00 -1.976612459394800680e+00 -6.705936944447893344e-01
-3.462933456320820280e-01 -6.530649326958209988e-01 2.060428267151867221e+00 1.766744128451127160e+00 1.086579254426267127e+00 4.518395029268545415e-01 1.356984183561840585e+00 -7.449227077807482056e-01 1.947167317611883386e-01 -3.800252981712146649e-01 -3.196406602145463460e-01 -7.125263540374079385e-01 4.222836376491876931e-01 -4.998145148136138305e-01 -4.330861065691890555e-02 -7.908890275768293288e-01
-1.183343436158461826e+00 -1.173260522163561248e+00 6.913417672520993928e-01 8.195723221912221135e-01 8.607056781981001770e-01 2.037849709129267772e+00 1.394239292210530445e+00 -9.656739528000782835e-01 -1.814066988269583236e+00 -3.051957977914406150e+00 -1.373353277991907540e+00 -1.378560323697971546e-01 -3.881628279731932224e-02 6.651799081253766399e-01 -7.015746539553091576e-01 -1.190070909614571626e+00
-1.635807681012193315e+00 2.732698654157410978e+00 2.219142201476404175e+00 -5.013862190667748298e-01 -1.443609121941902829e-01 -9.051976568110055021e-01 -1.988471450142884622e-01 -2.539790237598739786e+00 -1.491872689910474614e+00 -2.705801114447644373e+00 -1.690282633014240199e+00 1.237819207111327813e-01 -3.945923395308253423e-01 -1.123096402021622087e+00 -1.793203323407344119e+00 -1.479091943044188895e+00
-1.239026103508557242e+00 -1.311610813741817427e+00 -2.990293694401051083e-01 -1.466151283989612919e+00 1.639757514771564006e-01 -9.320668883104292757e-01 -1.228971729421605152e+00 -1.388345015234351720e+00 -1.113525453856671621e-01 -1.317186738922332845e+00 3.572998856141361146e-01 3.494538013612338151e-02 1.439302380604186582e-01 -1.280916954810110031e+00 2.502996851129208444e+00 -1.378981471675374548e+00
-1.718010243288410122e+00 -1.131605278173466678e+00 -1.169093641756185242e+00 -3.895278637023655843e-01 -1.236960580381387675e+00 -8.373173591621758671e-01 -4.756795887805814749e-01 -5.004086088202006621e-01 -1.597241990589459038e+00 -2.763542457847270484e+00 2.367958640334042464e-01 6.129485776860983393e-01 2.929636002162573361e-01 1.302418499781245798e+00 2.239691084771178620e+00 -2.129736252220516768e+00
-1.393069455640215892e+00 -1.795636009879806760e+00 -1.842446617466890979e+00 -1.949425627163024810e+00 -1.187474058305903357e+00 -3.405201633458750932e-01 -2.739547088526792074e+00 2.499576486020533839e+00 -2.566614911990658943e+00 -7.821613476145323762e-01 -7.778150872067548516e-01 2.871434828176736342e+00 1.259819561445721714e+00 7.850132735153224628e-01 2.527815344563276057e+00 -1.355903289631227526e+00
-3.037839514864423052e+00 -2.398377395965045178e+00 -1.283998725431716004e+00 2.663659929366139600e+00 -1.860289937139246952e+00 -8.806247685245974788e-01 2.189395234631873688e+00 2.127145303588530378e+00 -1.382906346577768675e+00 -1.035748724279205613e+00 5.067734299989836710e-01 1.281340303954637383e+00 1.702050103328692110e+00 1.700612634849610894e+00 2.716754112931203835e+00 -2.668824671411823335e+00
-1.692677759175971408e+00 -9.741350048991970212e-01 2.578289473479137506e+00 2.365911640506448421e+00 -9.004261303664358174e-01 1.074884303109777894e+00 -2.588696260739068222e+00 -1.682482619791680234e+00 -3.944676304104409170e-01 2.639053135688559149e+00 1.967223251277551377e+00 2.859128832146005550e+00 2.722618377581064397e+00 1.241792430866538677e+00 1.907051317234867760e+00 -2.460001249711637694e+00
