1.525382117830051953e+00 8.128222109985924204e-01 -2.829322693208377704e+00 2.718466953184910384e+00 2.450221989961046454e+00 1.061102095422003400e+00 2.493705762375231505e-01 -1.752796493382182241e+00 -2.990023488933002849e+00 -2.619865466842615120e+00 -2.492510168395794867e+00 -1.930366869502136984e+00 -1.030556170898030866e+00 -3.005958729033488375e+00 2.781585256409738971e+00 3.130899316464921700e+00
-2.945999934730206604e+00 2.212042648943850498e+00 2.984343145149979559e+00 2.373643687504517263e+00 2.368117312923195161e+00 1.934739073315743019e+00 2.148457913654928664e+00 -1.581328436584101160e+00 2.582667974076657380e+00 2.448697320808516320e+00 -2.473692450720665015e+00 -1.705040810724677502e+00 -2.461888088736047919e+00 -2.293922873721897737e+00 -2.609255010615669779e+00 2.086498117964527665e+00
2.584409124453399986e+00 2.164487512191050733e+00 1.474393569354387923e+00 1.869926995704112915e+00 1.955988125967996538e+00 -2.922877188705846230e+00 1.540369143775488503e+00 1.129134114150938784e+00 2.107499866397740007e+00 2.872555201849554596e+00 1.999013588474861214e+00 1.317458148269211815e+00 -2.775374168248497586e+00 2.960403156484222364e+00 -3.071802555282980851e+00 2.518757173088727708e+00
2.775871403123384429e+00 2.868485515218889947e+00 2.927035522251796529e+00 1.714129365769593960e+00 2.038965175713486122e+00 1.996280427179766948e+00 1.852046515949074657e+00 2.806239214071650778e+00 2.567521550033855959e+00 1.999853773312336713e+00 1.824773971870094602e+00 1.408703565522346546e+00 1.743957425799551375e+00 1.661230140693523705e+00 1.090760591767617971e+00 -2.558455207746018534e+00
2.154437596675255584e+00 1.706729808972333062e+00 -2.649167522191994806e+00 1.856295047596510317e+00 2.304494323622702900e+00 2.213230838894308050e+00 2.338616115882835800e+00 3.053276160163907793e+00 -2.722523153974162113e+00 -2.671730708852742442e+00 2.810792691056238191e+00 1.609960746062176762e+00 2.064750431106585626e+00 2.281637220336285132e+00 2.330854171826717725e+00 2.843385183513824632e+00
1.749883411998344407e+00 2.379776395852413629e+00 -2.457516564409007120e+00 2.485385237038878703e+00 2.297049822072913194e+00 1.733982107272006079e+00 2.705875188212824689e+00 1.334096117882116239e+00 3.009435523323250816e+00 2.815013267258513974e+00 2.616979776519648304e+00 1.020058706078326827e+00 1.730864897949586867e+00 -2.910431526340356290e-01 2.248921872130755339e+00 2.142982192226120297e+00
2.006958796609825679e+00 2.590791249277173858e+00 2.083169789662072002e+00 2.399207015475944171e+00 1.837225462261526943e+00 2.680615171731308255e+00 -2.853931762716959142e+00 2.056498100149838582e+00 2.578353602319465310e+00 1.650088822939348221e+00 -2.976811524429672229e+00 -3.036147362714697984e+00 2.362163797097363904e+00 2.069477264998670574e+00 7.759771397406504123e-01 2.050028017271038561e+00
8.349452038966648226e-01 1.075039900857799102e+00 1.728298796657673719e+00 1.204166741971874899e+00 2.094813457906255394e+00 2.761585709648939790e+00 -3.025110844396819321e+00 2.967785093601422730e+00 2.948020944808240618e+00 2.346399622307728805e+00 8.816322099455653483e-01 -3.100623941042967235e+00 -2.732316312347979448e+00 -2.663188681831228699e+00 1.703861036655047068e+00 1.167907054467738126e+00
2.039275124137651218e+00 1.386404027094358504e+00 2.581149939640366320e+00 2.545694890633558582e+00 1.185036970403223089e+00 2.118072896259593829e+00 2.475476928253033559e+00 1.191933049159386915e+00 -5.123746518061770283e-01 -7.315092593185548164e-01 4.865789344478280709e-01 8.035343620227369810e-01 -3.111154997750558149e+00 2.588028606377778651e+00 2.330246869950904021e+00 2.617068021563407232e+00
1.548179472788732358e+00 5.606349580443038549e-01 6.083598289661437120e-01 1.482160180995538035e+00 5.806103161967383075e-01 1.145906385102956948e+00 -2.887670030759726281e+00 1.763213883204547860e+00 8.290092346096920028e-01 3.777875400938487394e-01 -1.516186314442682370e-01 5.984565549806505347e-01 -2.070336298027022348e+00 2.482108658490431718e+00 1.517577425352553355e+00 1.944741096356090715e+00
1.252533219521647367e-01 -9.008279553898544956e-01 -1.560351943360452687e+00 -4.537381985213306268e-01 1.193967699064407473e+00 -1.441343639773935148e-01 8.161065135504774748e-01 1.553032945630381079e+00 1.467655864997754911e+00 -2.923112610066405992e+00 -1.376468889025160180e+00 -7.183723674890458710e-01 -8.604372761520715507e-01 2.024271288369696276e+00 1.313918956572086572e+00 2.005703538230866556e+00
4.288616437402167914e-01 -4.870111625967011304e-01 1.301445845138899715e+00 -5.080662024458275361e-02 8.711730971626391318e-01 -4.129416107697557459e-02 -4.026674601650336305e-01 5.222117228258836841e-01 1.167749456432553234e+00 3.435950121970386961e-01 1.681346733986629205e-01 7.798696258339418153e-01 1.301413243736876835e+00 1.771527983817003715e+00 2.061462773438111018e+00 -7.486872357446636705e-01
1.782765875224328500e+00 1.115733980586719465e+00 1.001905400551352576e+00 4.184903277465642502e-01 4.293324904061531777e-01 5.389163227255686639e-01 4.512575050169559954e-01 5.991601847805304581e-01 4.572817137980506735e-02 -2.238527422775173081e-01 -1.437147328851203554e+00 -1.832980033369096651e+00 -8.726022098569409247e-01 1.761205798977531156e+00 8.329862054349708167e-01 1.602017514359040939e+00
2.041773315820989421e+00 8.095084073854875717e-01 1.496559432312531746e+00 -5.202824488940318570e-01 -2.807371754922507012e+00 -2.554430958816078512e+00 -1.033201149551011166e+00 6.452218147506183499e-01 8.229976655540892638e-01 -7.681713490240366093e-01 -1.518211828814653996e+00 -7.061955722661316104e-01 -1.025701566211474569e+00 7.210688433577440160e-01 1.079718237749804022e+00 -3.039071386729013877e-02
1.195317426854085818e+00 3.403056734654710258e-01 1.219027614754080169e+00 -8.475511456793692888e-01 -2.047878013267144137e+00 -1.570585264595999231e+00 -1.589851176593961801e+00 -5.790371831572331818e-01 -9.724388927160781959e-01 -6.067560234416367049e-01 -3.469015428372052012e-02 -1.028563385824557974e+00 -1.742499072161202811e+00 6.879688787663940097e-01 9.937359004218436764e-01 1.319054034448140733e+00
1.030639943587105201e+00 5.933105532440700047e-01 -5.934526371932167393e-02 9.341461267525258405e-02 4.039872857694273844e-01 8.107239533418493516e-02 -1.906311724833841703e+00 -1.095274635177884148e+00 -2.484710893538239151e+00 -1.553532916931797736e+00 -2.140104932417413064e+00 -2.128395265162597916e+00 -2.547413498704978796e+00 2.896388218718287444e+00 2.730642105603013015e+00 1.643741092680788052e+00
