7.391334597828846942e-02 4.480574152067265947e-01 -2.031947938824564925e+00 2.478905964395016759e-01 -8.398391697969387337e-01 -1.683625680204866804e+00 -8.516494684497639689e-01 -1.710348224708353737e-02 -1.228908470863532054e+00 -6.019974005002135531e-01 1.230165323036618297e+00 2.578314640173987593e-01 4.258428331164981762e-01 1.956503722456049088e+00 1.642206652011431567e+00 9.728009207081981247e-01
-7.460406293573189629e-01 5.952472509686813906e-02 3.987725945289748442e-01 -9.019392485903229284e-01 -1.323043513248143732e+00 -1.040670924422387955e+00 3.664314385975063759e-01 -7.254576036469679856e-01 -2.170693194393873982e-01 3.516808718320781901e-01 -5.536232445686899428e-01 -1.891855192769819893e-01 6.164709175591955859e-01 1.491515293500131678e+00 1.764840140230347521e+00 -3.009994220376064789e+00
2.062477189579144457e-02 -3.355545041404186524e-01 -3.131378592680786888e-01 -1.416473543750096376e+00 -1.293650767272693125e+00 -7.739077400122980066e-01 4.953183609479382410e-01 -1.390148947515791600e-01 1.148399298443394612e+00 1.363657210768284500e+00 2.009613250076767166e+00 1.868278534545430691e+00 1.732661656072952860e+00 2.323862697072264505e-01 5.279393879591631755e-01 2.553528313510191466e-02
-1.634437307097102998e+00 -6.855922362731198261e-01 -1.666796626523772140e+00 -1.613415142288755488e+00 -1.909755795322380933e-01 -8.586298939710247380e-01 -5.659014266450395070e-01 5.309762735832509462e-01 1.191575531262541787e+00 1.371205619856828983e+00 2.692857169072947254e+00 1.288113411333515312e+00 9.691304877312003629e-01 7.619490760572164012e-01 -9.855302665432000842e-01 -1.033556189939801806e+00
-1.075912316010387615e+00 -8.284971016396256438e-01 -2.818975533333911265e+00 2.836874439521937852e+00 -4.464608655006765403e-01 -6.754267476636972578e-01 9.365889589563682893e-01 6.041588088840437187e-01 4.034645983771864008e-01 8.598392509299488395e-01 2.311200717642458269e+00 5.268929019751458082e-02 7.815246771118969371e-02 8.687747851938398824e-02 -2.390716655850413097e-01 -3.574798655298122019e-01
-1.222932540036012039e+00 -2.890534759643227591e+00 -2.838735279610499429e+00 2.788313004119288951e+00 -2.838929660094895890e+00 1.564293742919702801e+00 1.533914318319884007e+00 3.861893897705678813e-01 9.107616065364789737e-01 4.779051010984102232e-01 1.754827117932359126e+00 1.209380718329368942e-01 -1.565528819897187840e-01 -5.420991791467991705e-01 -6.106635892911584929e-01 -1.354876919133464419e+00
-1.582410075042457898e+00 -2.903088225921907295e+00 -2.819980611406498916e+00 2.623872509562648503e+00 2.948478927256357185e+00 2.805472546068039641e+00 2.825194312750598957e+00 -1.961438730317454915e-01 -2.544434574158432882e-01 6.356395010118136568e-01 1.005744188246286308e+00 -8.620529971320674001e-01 -7.952074046462836998e-02 -1.969587611421328710e-01 -9.357326796152790060e-02 -1.028436761436547914e-01
-2.692002178238318333e+00 -2.185701471834419429e+00 1.389304599651870253e+00 1.159033261168424866e+00 2.707620555544814067e+00 2.447061999097178475e+00 -1.906403351699879067e+00 -9.510649446067673818e-01 7.293564493547655125e-01 -1.960100114018216155e-01 -5.606984377614889770e-01 -1.103969560729790356e+00 -4.573620866435691990e-01 7.446101121706004689e-01 -2.364294902216473204e+00 1.171917398295053925e+00
-2.674788050699500541e+00 -4.782951854798180302e-01 -1.357529757103723145e-01 1.190428410250063296e+00 -3.086336785199649935e+00 -2.880768074555136948e+00 -3.078136377920501321e+00 -3.465714595897880779e-01 -3.635054596200706367e-01 -1.757644679790051623e-01 3.842430328724399380e-01 -7.269875292694960578e-01 -9.012637644746636090e-01 1.181070127087223698e-01 -3.318751059101164858e-01 8.370314972480578097e-01
7.350344329158661205e-01 -3.838347212040549850e-01 -1.045276192181752162e+00 -2.165344192375884547e-01 -7.544353755603404599e-01 -1.673568673506466098e+00 1.384200725547066746e+00 6.296433494190570995e-03 4.154968598611876590e-02 -1.673261802652756147e+00 -7.161522735872396517e-01 -1.363318800659368835e+00 -4.084809596496722373e-01 5.442188891903070314e-01 9.328624350935967868e-01 8.023229112767065185e-01
3.538552087455389961e-01 1.420848155165411741e+00 -2.237486809593729475e+00 -1.048884198496633724e+00 -2.491081376040066964e+00 -2.660514736202473696e+00 -2.486734733530675978e+00 -3.424856792401297784e-03 8.226129974401717726e-03 -7.817842382826731829e-01 -1.168377317859959019e+00 -1.125977935336115010e+00 2.919281274195673626e-01 7.909275291923413276e-01 2.216314158666705225e+00 9.053515901524471499e-01
-9.701356296702716708e-01 -7.715581631404029306e-01 -1.981215276321271146e+00 -8.666805997055401223e-01 -1.011735429138349129e+00 -1.719462288691899543e+00 -1.785754042948548337e+00 9.018019498004348211e-01 -5.027552272005572087e-01 -1.235604643236323241e+00 -9.163564548362370665e-01 4.406882697827724238e-01 -7.724883277889043054e-01 1.330533913595624451e+00 1.340277809463786829e+00 2.382831495656782650e+00
9.691035791136124455e-01 -6.644522035549275119e-01 9.148470778224858380e-02 -8.532530961252424717e-01 -6.253448895966827736e-01 4.337524476900329606e-01 -7.263843729976318109e-01 9.796340555663347605e-01 -1.352736184410860520e+00 -1.032481790701536450e+00 -1.369569437974586856e+00 -3.675959123832111541e-01 -8.453469807793662083e-01 -4.148661368927831355e-02 8.778066383459668387e-01 5.206614513344389739e-01
1.421582152719122805e+00 5.428207983630393141e-01 4.091484783150825533e-01 4.045847283651765602e-01 -2.091254733100994523e-01 -6.142040993326127740e-01 -1.355436872333547482e+00 -1.064582668927386705e-01 -1.825619597259490190e+00 -1.793080806261144300e+00 -1.428302327367362290e-01 -5.030445219342878360e-01 -2.244564093089746470e-01 1.463471219865136175e-01 8.137134457983399294e-01 1.293152479150871503e+00
3.064772013003874029e+00 1.632056529353813179e+00 2.284903470389127444e-01 4.576292439839930171e-01 -8.867672535555159996e-01 -8.148453453405850588e-01 -1.175590260459912773e-01 2.660678169089659706e-01 -8.284902399560926112e-01 -1.515246098894118099e+00 -7.028817388024185542e-01 -3.777964683838927473e-01 -2.272528144242871306e-01 1.042928837906456296e+00 1.809217238805322703e+00 3.007790927328069408e+00
2.776650822788059525e+00 2.025434825505499248e+00 -1.221517168958632799e-01 -9.718593857028543503e-01 -9.242025926764382282e-01 -2.588057021247442968e+00 -2.567721268417779257e+00 2.133054593212756755e-01 -1.318570280956392060e-01 -2.697947912710090268e-01 -4.018259901054808125e-01 2.945703503536531986e-01 4.981448436384247613e-01 1.436043987114362208e+00 2.237006012426483892e+00 -2.891359681884386301e+00
