1.000000000000000056e-01 -1.949200731760388994e+00 1.971507664055848884e-03 9.749676659392957356e-01 2.055259283095800527e-04
1.140000000000000041e-01 -1.942025054631162595e+00 1.985372939440446880e-03 9.713169929130179847e-01 2.465029750349584858e-04
1.280000000000000027e-01 -1.934925508121012161e+00 2.123715075840046027e-03 9.679417713946862900e-01 2.837874627644940140e-04
1.420000000000000151e-01 -1.927593182109190062e+00 2.209622069040531166e-03 9.641447466693174873e-01 3.100373508691123964e-04
1.559999999999999998e-01 -1.920519446248954099e+00 2.186418103218505226e-03 9.609347729187432963e-01 3.418156002695139245e-04
1.699999999999999845e-01 -1.913461370896119451e+00 2.085543196286488397e-03 9.569906688234581793e-01 3.410589046280149529e-04
1.839999999999999969e-01 -1.906344968389100281e+00 2.113688162627256131e-03 9.539047009814639599e-01 3.772587567811750515e-04
1.980000000000000093e-01 -1.897779908078794708e+00 2.207991369398047601e-03 9.496518609886019924e-01 4.149476333844290352e-04
2.119999999999999940e-01 -1.890959532206258453e+00 2.039227143965555850e-03 9.457936095218987260e-01 4.556563873232597579e-04
2.260000000000000064e-01 -1.883680829449514649e+00 2.046906388949766304e-03 9.424189090145493886e-01 4.691508106609029814e-04
2.399999999999999911e-01 -1.875406222015393087e+00 2.227714504455308685e-03 9.382883025557444689e-01 5.502376234432320139e-04
2.540000000000000036e-01 -1.868231697026474292e+00 2.046948165690174945e-03 9.348834779287306107e-01 5.656052398145742892e-04
2.680000000000000160e-01 -1.861650216511093525e+00 2.126909131614185006e-03 9.316179613548847271e-01 5.711605827073699048e-04
2.820000000000000284e-01 -1.854334721865000812e+00 2.051865038908222069e-03 9.275482522672051644e-01 5.846503871634381715e-04
2.959999999999999853e-01 -1.845357874820616084e+00 2.269229413235344158e-03 9.241276481718965208e-01 5.953543129296025652e-04
3.099999999999999423e-01 -1.838071756100351450e+00 2.303907784199825306e-03 9.201088000858475002e-01 6.787600158543865289e-04
3.239999999999999547e-01 -1.830630916599742308e+00 2.152510384489242801e-03 9.158203357078369411e-01 7.359149088379837679e-04
3.379999999999999671e-01 -1.822886512446635132e+00 2.245668548794141350e-03 9.123683931295767380e-01 7.964446571859717591e-04
3.519999999999999796e-01 -1.815224794093078797e+00 2.230321545196163342e-03 9.087661913554102577e-01 8.674664748969437150e-04
3.659999999999999920e-01 -1.808152179727312348e+00 2.197800442542363619e-03 9.048510873230004581e-01 8.143161314269088940e-04
3.800000000000000044e-01 -1.799116478853904910e+00 2.297800736255214797e-03 8.998942050953377958e-01 9.364121676423333568e-04
3.940000000000000169e-01 -1.791677311130697392e+00 2.278576780936908061e-03 8.967467877633357176e-01 8.996112568280674156e-04
4.079999999999999183e-01 -1.784047481613312280e+00 2.311447384434193141e-03 8.932370027666700629e-01 9.092992085195347783e-04
4.219999999999999307e-01 -1.774880350484397074e+00 2.314865553395552191e-03 8.884721933902521851e-01 9.943946709873887051e-04
4.359999999999999432e-01 -1.766949044697621929e+00 2.424161596888921733e-03 8.840530419571039911e-01 9.534047837322925326e-04
4.499999999999999556e-01 -1.758759984026986523e+00 2.283713377769931371e-03 8.808133776300275386e-01 9.728005225231564808e-04
4.639999999999999680e-01 -1.750435871591063286e+00 2.299495420954672086e-03 8.760165555737179366e-01 1.051335137433128276e-03
4.779999999999999805e-01 -1.742841783028786340e+00 2.413903258958508512e-03 8.728970193164854452e-01 1.089042706109363389e-03
4.919999999999999929e-01 -1.734434702426998820e+00 2.320731098848624087e-03 8.682421407811645730e-01 1.110910252054817231e-03
5.060000000000000053e-01 -1.725590449529535997e+00 2.379181070438980347e-03 8.651083739445031284e-01 1.092888846080039772e-03
5.199999999999999067e-01 -1.717040013646232266e+00 2.356572350352719412e-03 8.596928008810471589e-01 1.197948385872829461e-03
5.339999999999999192e-01 -1.710231967622036331e+00 2.417138063218062828e-03 8.566509197714226032e-01 1.209371354272070331e-03
5.479999999999999316e-01 -1.699736620596045134e+00 2.640536497369597949e-03 8.504934944714696021e-01 1.345601929914793694e-03
5.619999999999999440e-01 -1.691624507143288048e+00 2.508991235110864717e-03 8.473813720016054596e-01 1.306055085326226529e-03
5.759999999999999565e-01 -1.683286096815920674e+00 2.548606773752011383e-03 8.435048062944371372e-01 1.329993727124844944e-03
5.899999999999999689e-01 -1.673799547856332781e+00 2.518902622568375271e-03 8.387969918913275036e-01 1.321829919639493089e-03
6.039999999999999813e-01 -1.664759004712064838e+00 2.663069773068262296e-03 8.334014404304416201e-01 1.488029906668757304e-03
6.179999999999998828e-01 -1.655329838117532537e+00 2.575097037578372855e-03 8.295388198873150376e-01 1.492860568149021469e-03
6.319999999999998952e-01 -1.648357946380003991e+00 2.437170508869188762e-03 8.240411727890454285e-01 1.505462335866770973e-03
6.459999999999999076e-01 -1.640139882357482870e+00 2.570659516363438864e-03 8.209826880097456092e-01 1.543840405273886815e-03
6.599999999999999201e-01 -1.629969573411732542e+00 2.756588162487180749e-03 8.159894073855697982e-01 1.603231821553220953e-03
6.739999999999999325e-01 -1.619848906533952526e+00 2.697093127145478407e-03 8.104866804595264318e-01 1.695219199983296395e-03
6.879999999999999449e-01 -1.610218461099014231e+00 2.845860939229053876e-03 8.057318515351020727e-01 1.753138047946630395e-03
7.019999999999999574e-01 -1.599789583759871459e+00 2.755599803608056904e-03 7.996863767168531645e-01 1.858835511724423340e-03
7.159999999999998588e-01 -1.590005143335014637e+00 2.818297623139483146e-03 7.951179282648247471e-01 1.794592168609644061e-03
7.299999999999998712e-01 -1.581304544322226002e+00 2.900304317721692088e-03 7.919758684455233677e-01 1.836629982227989261e-03
7.439999999999998836e-01 -1.570350430833229449e+00 2.877910908122885501e-03 7.839773859090971575e-01 2.050692373408910790e-03
7.579999999999998961e-01 -1.561483791130143350e+00 3.000900117564962027e-03 7.781822588668348972e-01 2.111814969545126527e-03
7.719999999999999085e-01 -1.548915876719171969e+00 3.001682673145133259e-03 7.738722805143603001e-01 2.058275084764930353e-03
7.859999999999999210e-01 -1.539575112672824764e+00 3.033800913629553214e-03 7.693583830558327064e-01 2.111898726022077167e-03
7.999999999999999334e-01 -1.527679171483316445e+00 3.079926716478137861e-03 7.615130048946120445e-01 2.386911060302115972e-03
8.139999999999999458e-01 -1.515788767477152854e+00 3.332844567253897237e-03 7.550854987948120156e-01 2.603040480378275394e-03
8.279999999999999583e-01 -1.506750561578147574e+00 3.329642046468643882e-03 7.501454974301245970e-01 2.493912152264834894e-03
8.419999999999998597e-01 -1.492941863981323003e+00 3.436500180137767868e-03 7.421091667009311887e-01 2.668072546304220242e-03
8.559999999999998721e-01 -1.481152790920307494e+00 3.562082088654272127e-03 7.364988054957339880e-01 2.873112128510077728e-03
8.699999999999998845e-01 -1.469885783962933790e+00 3.594121192746688436e-03 7.292093487613678926e-01 3.087557125812363454e-03
8.839999999999998970e-01 -1.454367734591913486e+00 3.570222461283228694e-03 7.200915326300946218e-01 3.191631065304889863e-03
8.979999999999999094e-01 -1.442699000106298923e+00 3.810947957166833933e-03 7.128496791411257361e-01 3.691709138885252740e-03
9.119999999999999218e-01 -1.426627343750044297e+00 4.077269646562218380e-03 7.023593620784316371e-01 3.952584430115584080e-03
9.259999999999999343e-01 -1.414976446811954558e+00 4.202757600691029577e-03 6.941712270198198143e-01 4.462797219155295592e-03
9.399999999999998357e-01 -1.398719902004184279e+00 4.260892942347279701e-03 6.811061771033392054e-01 5.043458514084172596e-03
9.539999999999998481e-01 -1.385640212111119984e+00 4.424068844320260159e-03 6.726639811582342254e-01 5.451669411326875471e-03
9.679999999999998606e-01 -1.370454133894138948e+00 4.568154407176504804e-03 6.631514370635774869e-01 6.095634040709437505e-03
9.819999999999998730e-01 -1.351985753218456043e+00 4.853185063735563146e-03 6.474022625031958800e-01 7.358026268788706720e-03
9.959999999999998854e-01 -1.336160203751631359e+00 5.072734710994008210e-03 6.339617126012271342e-01 8.245494211972872328e-03
1.010000000000000009e+00 -1.317082775044228660e+00 5.225727743405873642e-03 6.220981660657922685e-01 8.315230302083446642e-03
1.024000000000000021e+00 -1.297420331086727385e+00 5.362345069636986414e-03 6.020770017539516239e-01 1.047944931041529595e-02
1.038000000000000034e+00 -1.279182969079898147e+00 5.685319924081938016e-03 5.845984428044121994e-01 1.201853615520465102e-02
1.052000000000000046e+00 -1.256743797495401882e+00 5.771801166317609873e-03 5.633850201626171561e-01 1.384694636115660696e-02
1.065999999999999837e+00 -1.242456770986711589e+00 5.842070369043256446e-03 5.476288695950857210e-01 1.441169234935267725e-02
1.079999999999999849e+00 -1.220546038540658351e+00 5.915971819204394327e-03 5.251551498074130686e-01 1.560701653489808549e-02
1.093999999999999861e+00 -1.198748659594431221e+00 5.825382836913235371e-03 5.034994118769030580e-01 1.684991142841910094e-02
1.108000000000000096e+00 -1.176971234229221341e+00 5.936416003646031309e-03 4.778201553174342697e-01 1.756972388861656464e-02
1.121999999999999886e+00 -1.157030752774080851e+00 5.988714907180781033e-03 4.575403755964296826e-01 1.803700831711389438e-02
1.135999999999999899e+00 -1.137783822326725369e+00 5.769343106151729461e-03 4.367246013104618130e-01 1.819354687537533613e-02
1.149999999999999911e+00 -1.116486321074407817e+00 5.723979149750621324e-03 4.123091266010606715e-01 1.893856514139804006e-02
1.163999999999999924e+00 -1.096092726151205454e+00 5.242755654640582179e-03 3.903557914793127637e-01 1.776044518158884783e-02
1.177999999999999936e+00 -1.078729047743142377e+00 5.425501776165698661e-03 3.768091244587181698e-01 1.793541930415487942e-02
1.191999999999999948e+00 -1.060270962464212152e+00 5.115470021871317691e-03 3.564079841471637922e-01 1.653256407505345263e-02
1.205999999999999961e+00 -1.044353125458664211e+00 4.903540567820659918e-03 3.405211310502866962e-01 1.656154178746443648e-02
1.219999999999999973e+00 -1.023476167512229473e+00 4.826959330057624918e-03 3.227968875652776903e-01 1.575135761312327146e-02
1.233999999999999986e+00 -1.010390265788605024e+00 4.757845329576705466e-03 3.139738326271102609e-01 1.485396163046412941e-02
1.247999999999999998e+00 -9.942741492793789604e-01 4.117719429002108730e-03 2.975363935974640883e-01 1.357900072690402214e-02
1.262000000000000011e+00 -9.736761598553450581e-01 4.309801077920033530e-03 2.801385322486809049e-01 1.278687049371526017e-02
1.276000000000000023e+00 -9.635661182479685616e-01 3.911308020771950625e-03 2.727745447206915141e-01 1.157631926225301255e-02
1.290000000000000036e+00 -9.501507172227857678e-01 3.905488219125766505e-03 2.641238509613776930e-01 1.158170300452016424e-02
1.304000000000000048e+00 -9.320025682798391831e-01 3.860579052501670379e-03 2.503501580941412952e-01 1.056723116988202843e-02
1.318000000000000060e+00 -9.227201672088852780e-01 3.675975623140804744e-03 2.468485930447246179e-01 1.013152319945637321e-02
1.331999999999999851e+00 -9.065214901822579163e-01 3.631451186142149821e-03 2.353807937200155798e-01 9.651077629584781103e-03
1.345999999999999863e+00 -8.963479519028471065e-01 3.607320093331937462e-03 2.289178698383383948e-01 9.054045120592458043e-03
1.359999999999999876e+00 -8.837276422198688808e-01 3.442171502972022484e-03 2.216004888593371136e-01 8.541903717440313751e-03
1.373999999999999888e+00 -8.724014752187995159e-01 3.269292940973912535e-03 2.149972698789414660e-01 8.080589929308198971e-03
1.387999999999999901e+00 -8.601438531949295863e-01 3.147892915203884690e-03 2.110944868682921860e-01 7.547591020088762447e-03
1.401999999999999913e+00 -8.468409170490418525e-01 3.025263981772803937e-03 2.024018752879906125e-01 6.968147924397353858e-03
1.415999999999999925e+00 -8.374481888908822391e-01 2.988298503502713824e-03 1.981526364507786020e-01 6.831546117561083237e-03
1.429999999999999938e+00 -8.265411155750578276e-01 2.951686628707142143e-03 1.919724039804446836e-01 6.458012210583489836e-03
1.443999999999999950e+00 -8.168908269879786577e-01 2.992808977436788639e-03 1.897981654510933203e-01 6.157122485672077324e-03
1.457999999999999963e+00 -8.068857218074878546e-01 2.719548082346228812e-03 1.867276039598053383e-01 5.801413532848705319e-03
1.471999999999999975e+00 -7.967588564475627244e-01 2.699953486904184668e-03 1.790531614075436817e-01 5.489318320977061745e-03
1.485999999999999988e+00 -7.880290011697770325e-01 2.725266993912709140e-03 1.769899318095299046e-01 5.350562121677921758e-03
1.500000000000000000e+00 -7.790696467003909165e-01 2.576498272403545016e-03 1.743910195469303426e-01 5.195775949331800370e-03
