-6.795272361842037423e-01 -1.094019937369473450e+00 1.112475173250268984e-01 8.946965929337644674e-01 -1.048630324590008156e+00 -2.681984218976754430e+00 -1.337566086573951818e+00 -7.031774232767697974e-01 -1.104562308020338612e+00 -1.005520455174858663e-01 -1.345919631083221990e+00 -1.830033359092197109e+00 -1.738900677401313377e+00 -9.849196447460607517e-01 -2.084715595273432864e+00 -9.984885655305487662e-01
3.987552640790843067e-02 -4.705138789531614352e-01 4.417942043665890051e-01 -1.535431262429948727e-02 7.251778067337462386e-02 9.261037482523857278e-01 -9.062227674038866310e-01 -1.133346131819275016e+00 -9.722713023999550730e-01 -5.785208615723408387e-01 -3.839400052067526992e-01 -9.662971198516453475e-01 -2.528146998991262162e+00 -1.721324014125936719e+00 -1.893191014962033902e+00 -3.477827483049190649e-01
5.199615741589499462e-01 -2.194535593314865807e-01 -6.406542294141721605e-01 -7.118089074533265892e-01 2.323745928761649648e-01 -2.849647721022880997e+00 -1.309907697456854647e+00 7.008549745695939748e-02 -2.498708505411194047e-01 -1.327636219959396513e+00 -7.510372521659814948e-01 -9.033455127253491312e-01 -2.993877357851321808e+00 -6.125412345395252478e-01 -1.546752199665481164e+00 -1.092745793090597495e+00
-5.580272715793325178e-01 2.323456583391346475e-01 1.301047348638759482e+00 -2.984958546378224109e-01 -1.474024842597075891e+00 -2.367009097587044142e+00 -2.334556530958288578e-01 4.463655890017003205e-03 -7.594185628502210239e-01 -5.702021292138245157e-01 -1.271611141442801740e+00 -1.296481627603016662e-01 7.732767010086621928e-01 4.841523552155835297e-01 2.073606669110493517e+00 -3.705293787955604157e-01
2.784793726411866732e+00 4.818820971052514279e-01 -1.567551780170217124e-01 -1.556044031886766321e-02 -1.220168877691599318e+00 -1.528320761523811244e+00 -1.346563934219915826e+00 -7.242773948523587579e-01 -9.275309047942045249e-01 -2.981139097364183810e-01 -1.573628576147837244e+00 -6.892981761832976950e-01 -9.877651791073779330e-01 1.559517454423965166e+00 1.611412511470117881e+00 6.469939838122867881e-01
1.969783835154611973e+00 1.967653823230949062e+00 -7.046937943278609451e-01 -1.092778803719360425e+00 -3.964572485308369698e-01 -1.056908395188497662e+00 -1.498269340915317160e+00 -1.036113875350933133e+00 -1.428418887212184574e+00 -1.049978444387203114e+00 -2.107322934564107353e+00 -6.686249572992503110e-01 -2.340815823849613952e+00 -1.059239435563859244e+00 -1.473059590192311516e-02 -7.956698899740551889e-01
-7.302259707209278750e-01 5.856894970734470851e-01 -3.434397371423622558e-01 -1.692426437975361464e-01 -9.990928597776885800e-01 -1.953505932541353518e+00 -1.433333834003559959e+00 -7.696234379284416782e-01 -1.299943273336024552e+00 -8.107015012064096027e-01 -1.483260867453350729e+00 -5.664146377878338523e-01 -1.676385679997109523e+00 -7.884725440385278450e-01 -1.854396925088707349e+00 -4.298012374312856071e-02
-1.661069041667191160e+00 -1.792188190438273931e+00 -6.757213450660368714e-01 -1.452919021261812604e+00 -1.287529579400962465e+00 -1.215840101389320749e+00 -6.243043087085690113e-01 -3.100205204279909976e-01 -9.711481490310618359e-01 -2.069269344391751364e+00 -1.747009721439626961e+00 -3.019078118840968994e+00 -1.688642131820327297e+00 -9.029196851980836325e-01 -1.082445997935719273e+00 -1.121694366240177487e+00
-1.099689908130320859e+00 -1.818196505263188101e+00 -1.029371579305644380e+00 -9.963117982813053386e-01 -1.202670812056037875e+00 -1.978206403219896048e+00 4.159535008136879819e-01 -2.892153805321807658e-01 -1.585669041520894273e+00 -1.482953463363510194e+00 -9.181282959022474266e-01 -1.754691728212681046e+00 -2.606592723013344770e+00 -1.997791773739619581e+00 -1.991969868308313574e+00 -1.624960977566234144e+00
-9.216751328250228914e-01 -1.508187007845088745e+00 -1.394266104358995451e+00 -1.343336730744470797e+00 -2.988725650739842421e-01 -1.774929183764630825e-01 6.519201255580109322e-01 -9.942092992442521648e-01 -6.445281043254679210e-01 -1.942946387583369683e+00 -2.981097169068374519e+00 -1.400252299773292908e+00 -1.148203533996107861e+00 -1.992964970336893682e+00 -1.306676974806105118e+00 -9.967235741821466322e-01
-1.547789323154843411e+00 -1.052362481107278702e+00 -2.093206120457574482e+00 -1.114492085416284972e+00 3.961954309717009570e-01 1.532867653671895258e+00 -1.040819994663276793e-01 -3.376839294727485563e-01 -5.376480256197814223e-01 -1.549064221820236176e+00 -2.282619834242340495e+00 -9.268682694128189681e-01 -1.905923233902082403e+00 -2.228771338504230481e+00 -1.405519539448290223e+00 -9.382124210057862790e-01
-1.513427972157228796e+00 -1.152069980723437137e+00 -3.194423262575290523e-01 1.252852494446735632e-01 7.255329931617957584e-01 7.555283903977213500e-01 1.176576128112402087e+00 1.408131481580494337e-01 -1.291821313380255853e+00 -1.247409802431486803e+00 -1.066053729491999835e+00 -7.935194868239170418e-01 -1.370208512075650420e+00 -1.267868613782391130e+00 -1.164792516486771623e+00 -1.939129738480061871e+00
-6.290213868754936932e-01 3.561883362392215813e-01 2.599200478406087922e-01 1.031888974372525913e+00 6.642960988470435479e-01 9.366876038433378238e-01 9.675416664641163234e-01 2.715284742613749414e-01 -3.759817901567212295e-01 -7.069787316432231128e-01 -1.237874412282069292e+00 -1.251301357069716014e+00 -8.913028262144341296e-01 -1.355069725999918040e+00 -2.055608860052581033e+00 -5.803222576208791894e-01
3.895155207397577590e-01 7.997042828706621975e-01 5.076104856664290788e-01 6.317934300950441839e-01 7.012943720724420515e-01 6.267395198758930475e-01 -4.113174282024924938e-03 2.323827724715205878e-01 3.438441814128619933e-01 1.692412646034399393e-01 -1.766202219131916662e+00 -1.471754426009245664e+00 -1.765779486001954668e+00 -1.617434161692398398e+00 -9.305364789320053065e-01 -1.216066396995110876e+00
2.636807021174812915e-01 5.505035148154324709e-01 4.842301175331067964e-01 1.671530410503844877e+00 1.173653258161638568e+00 -2.047508938374754450e+00 -1.131568274682190900e+00 -1.024934409493915899e+00 -3.563613017290762630e-01 -3.133347076188000901e+00 3.085315040476285464e+00 -1.916606222467394760e+00 -2.965186315581624488e+00 -2.494396411551902837e+00 -1.508979871266749706e+00 -5.535244311583570331e-01
-7.836560082385705950e-02 -4.202705070050467007e-01 3.213356928695184078e-01 8.538561750093153213e-01 1.523680277223859347e+00 1.604145306453569564e+00 -1.060389447538286234e+00 -1.352760557478764891e+00 -9.893659528673915959e-01 -1.529239526669242677e+00 -2.387411290264329189e+00 -2.301026161498545886e+00 -2.308361140384039167e+00 -1.561537236514709548e+00 -1.562092660764852203e+00 -9.044366107797264798e-01
