-1.987733805448995472e+00 -2.822838756232044055e+00 -1.612344799878396406e+00 -1.725230561394663908e+00 -2.947080681335279895e+00 -1.794321541357022598e+00 -2.470986772083373140e+00 -1.228365671692588812e+00 -1.638538383965988388e+00 -1.752013908319717927e+00 -1.462986473773167928e+00 -9.156179353528149933e-01 -1.501575876669021703e+00 -1.437657663590184987e+00 -9.653073139389840573e-01 -1.610800587197222189e+00
-2.933600923927957904e+00 -2.808289369281686820e+00 -2.485713244957596046e+00 -1.347584024583350137e+00 -1.305033749987443148e+00 -2.124450130271861248e+00 -1.278195343099322479e+00 -1.820676956829972104e+00 -2.257536210686389211e+00 -1.412268142500684220e+00 -1.422461631342253341e+00 -2.019641427825262792e+00 -1.989151807737232325e+00 -2.413188757857927857e+00 -1.625109038078051515e+00 -9.775908844742440262e-01
-2.322042687156395946e+00 -2.837388117193186066e+00 -2.918675701782092347e+00 -2.444832219113783900e+00 -2.592510950992156449e+00 -4.911821340032976324e-01 -1.358738386602408976e+00 -1.861362653306589898e+00 -2.442655900084536036e+00 -1.692150105386553083e+00 -1.487768755560166190e+00 -1.679888871495561098e+00 -2.103675934914367662e+00 -1.997469855620138457e+00 -1.452699781433325121e+00 -1.861051983758666761e+00
-3.121848097123887111e+00 -2.363597488999057639e+00 -2.267983603564436734e+00 -2.347620448320521636e+00 -2.530666469110075312e+00 -7.644963118386394196e-01 -1.677936362255896263e+00 -2.982651183649944304e+00 -2.316734559681571159e+00 -2.583109952184435620e+00 -1.561367882594542955e+00 -3.031316059779827210e+00 -2.647772608322468191e+00 -1.509565304996521640e+00 -1.502899643217488146e+00 -2.244240083676349418e+00
-2.117338704117608827e+00 -1.654043803815614666e+00 -2.233274861866967331e+00 -1.815300190449280038e+00 -1.222285974674382159e+00 -1.321339979696293909e+00 -2.179367321411887826e+00 -1.827378606418026200e-02 -2.615529543196853268e+00 -2.655798212960516214e+00 -1.673197683591719054e+00 -1.937115548509566576e+00 -1.886189322839571858e+00 -1.644813269469753259e+00 -1.994121877707922597e+00 3.111524608953043280e+00
-2.163088860303542305e+00 -1.436929663812098301e+00 -2.300747421333925846e+00 -2.472026721783778136e+00 -1.906707451424831223e+00 -1.894712169209781027e+00 -1.441117423200845682e+00 -1.317718491634791489e+00 -1.401850466078861324e+00 -1.393097120097545272e+00 -2.984409911615716560e+00 -2.712467388800098078e+00 -2.958952611443193881e+00 -1.603757257797688851e+00 -2.313422997167549955e+00 -1.685705063687986005e+00
3.118094472749808777e+00 -1.783093734122285223e+00 -1.796319297792709158e+00 -2.541280931346300509e+00 -1.885599721208555568e+00 -1.209765921672846023e+00 -1.433759642270543200e+00 -9.577823463306219809e-01 -1.242249027321887356e+00 -2.125038272158470853e+00 -2.520577984484137612e+00 -2.005130406509177732e+00 -2.280040380260798472e+00 -2.428790377066509354e+00 -1.886057292833040133e+00 -1.678972167591384013e+00
-2.746941933312780471e+00 2.949172661253394168e+00 -1.639931301072619529e+00 -1.378141404882826659e+00 -1.453994653497125977e+00 -1.657072518170050524e+00 -2.418088108555127569e+00 -1.231847809106200620e+00 -1.853005421047825729e+00 -4.753462903878164503e-01 -1.994808996313814475e+00 -2.296614762554691325e+00 -2.082725199761738644e+00 -1.921297030720199750e+00 -2.422788432194929342e+00 -2.215555998930255122e+00
-2.477509520035429347e+00 2.649842524647034736e-01 -1.500786207261096017e+00 -6.766616420009995414e-01 -1.472632336649529083e+00 -2.457553078476462094e+00 -2.437579033473114443e+00 -1.446675687384479048e+00 -1.861136396593624731e+00 1.346398264624198537e+00 2.956703620473173366e+00 -2.278823572918880380e+00 -2.335174247142812742e+00 -2.089143630333587964e+00 -1.232789294886588172e+00 -1.650486447981211802e+00
-2.660254376846567848e+00 8.419514981608110515e-01 1.282637026814086555e-02 -3.868633995282561577e-01 -6.843318045154742624e-01 -5.423719499462228422e-01 -1.178830386708715761e+00 -1.173231087402488715e+00 -1.871972901559116664e+00 -7.102750197744811533e-01 -2.323881553632982211e+00 -2.033018175623990231e+00 -2.052961620557058442e+00 -2.033520833314576670e+00 -1.853336573917966801e+00 -1.898616361706670252e+00
-1.683592051958751501e+00 -4.398263101416252097e-01 -1.852205042929977452e+00 -1.708655398322613372e+00 -6.120927783607403860e-01 -1.317369002333716121e+00 -1.428747064739306349e+00 -1.910978796960498105e+00 -2.252680983483753785e+00 8.768599769503898633e-01 -3.054231750683614077e+00 -2.157805614606131517e+00 -2.613008554914399095e+00 -2.042080553740415638e+00 -1.354635717045434617e+00 -4.417150949388624070e-01
2.966926779390298918e+00 -1.612883309042512314e+00 -3.103182424043176013e+00 -2.703109940640094688e+00 -1.986126963019039682e+00 -1.025976937062426764e+00 -1.527428729889800607e+00 -1.799922440410355318e+00 -3.078042088342979543e+00 2.038523785958787471e+00 -2.878628986725360051e+00 -1.987462967632033672e+00 -2.443022610053734667e+00 -5.526531501311946482e-01 -1.825164122849596726e+00 -1.480450864134313038e+00
2.417140563969017109e+00 3.032014523439292564e+00 -1.891260523497977797e+00 -2.303851873404371364e+00 -2.177688256243949017e+00 -1.344354571937139031e+00 -1.691327344658360099e+00 -1.879088610920086833e+00 -2.906622536365060849e+00 2.359497124595800521e+00 2.460584180150588551e+00 -2.153498761304404319e+00 3.090389369345414750e+00 -2.867576140707876142e+00 -2.611552310193113069e+00 1.375678083549535025e+00
2.791764613875289403e+00 -2.939503207529865048e+00 -2.202033834262408174e+00 -3.124915971901662370e+00 -1.307502215193701245e+00 -1.310142576977960438e+00 -1.943636460232102348e+00 -1.371963238736962243e+00 -1.621106592246531086e+00 2.904299742870978029e+00 2.306945193649971859e+00 3.024398260414783213e+00 3.071492889335327270e+00 2.094324812722186291e+00 2.839134967673061283e+00 -2.710827992165114164e+00
-3.045677042012965074e+00 -2.642329932128717918e+00 -2.980476368717972946e+00 3.141240423322728237e+00 -1.963953471709410925e+00 -1.927916971990698780e+00 -2.557348630646565812e+00 -1.864896106953018773e+00 -1.937425300102195713e+00 -2.936944133415343217e+00 -2.709135291713998139e+00 2.959239405934400935e+00 2.876111626059657755e+00 -2.709791440589951694e+00 -1.626769243803467102e+00 -1.950370241219920642e+00
-2.636315584396593525e+00 -2.388310579472222361e+00 -2.600902153348268353e+00 -2.957954088361989697e+00 -2.279123519623220240e+00 -2.570814031273078282e+00 -1.887929273261155227e+00 -1.278253470753745624e+00 -1.376179350279483682e+00 -2.553220018456644258e+00 -1.077703788803870077e+00 2.062387810025217760e+00 -2.299060565383198806e+00 -1.899718471647811491e+00 -2.028617112320711957e+00 -2.893868646053498583e+00
