2.285973744749905556e+00 1.809101748834275991e+00 2.855697336187032587e+00 2.262992429821148566e+00 2.617195764586068396e+00 2.070599319317711018e+00 2.942282253166355943e+00 1.894904295615113643e+00 1.802041055511585554e+00 2.208032197068046099e+00 2.436745556315779382e+00 2.701104452079806428e+00 2.146022455208564939e+00 2.736836158698470634e+00 1.232415697490269579e+00 1.876762570759283655e+00
9.425051206788988001e-01 2.189241644610496529e+00 1.895701698420431125e+00 1.494725411589403308e+00 1.548794948641434965e+00 1.950906718509734850e+00 1.979870728976099059e+00 2.220171705162203413e+00 1.575246408238754947e+00 2.010842424595332467e+00 2.508837048531055824e+00 2.707896585566552439e+00 1.645217261885297599e+00 1.330344628621803915e+00 2.129048955083177042e+00 1.983377659793361447e+00
2.069530937035009011e+00 1.615503880590102082e+00 1.521201295573616719e+00 1.785357829864324897e+00 1.925944674969378267e+00 2.562647734769046171e+00 1.632099746374626070e+00 1.431928144131122460e+00 1.736562709421739070e+00 2.479286458762551160e+00 2.312371115527454446e+00 2.916249834999886215e+00 1.733185322898392666e+00 1.371740031554339767e+00 1.862249476437609852e+00 2.331806259343066401e+00
1.546126707237385656e+00 1.423927120480044994e+00 1.523597198066285241e+00 1.518130202140068663e+00 2.298393658904899883e+00 2.443490354867797087e+00 9.265938590688646004e-01 1.897888062646050145e+00 2.276929599843814600e+00 2.704697061572596706e+00 1.006310357410859169e+00 1.401237733666777396e+00 2.030017247801830571e+00 1.481092563642963267e+00 1.370202323304231973e+00 1.363990009156601957e+00
1.726676316158394453e+00 1.130796722643636176e+00 8.953118470408900631e-01 1.752453356692594610e+00 1.289604195892289251e+00 2.089881372885157074e+00 1.630292082159163325e+00 2.567767174523178930e+00 1.363969106162359335e+00 1.680745805224534095e+00 1.483459798385793560e+00 2.002666142535384886e+00 1.652491036385422607e+00 1.535247680687513494e+00 9.935140459040329164e-01 2.141857410833392983e+00
1.323475645909502951e+00 1.118770517073117254e+00 1.011527084211703231e+00 1.978835778868463846e+00 2.462084523869786157e+00 2.457221846015480882e+00 1.668754472832463254e+00 2.113818143786540205e+00 -4.427984376055368529e-03 3.435228139952429816e-01 2.252718812962559269e+00 2.903213549505411439e+00 2.201072567110494482e+00 2.263558202632454552e+00 4.806956203504292868e-01 9.765053611299824299e-01
9.190075330842757406e-01 1.537547509561762116e+00 1.204670418131999821e+00 1.240518152476354885e+00 2.793921095982866198e+00 2.393207622471148710e+00 2.393435687209410467e+00 1.671545694445299990e+00 2.093398176173083769e+00 1.210678089836872529e+00 2.913363897229582999e+00 -2.593488338945123317e+00 1.726157268595022387e+00 1.404999743933823986e+00 1.461604120629221404e+00 1.947171073719462964e+00
-3.227991881259934664e-02 2.111227165167263387e+00 5.798052851978177102e-01 1.253223932667243190e+00 1.497111567406315347e+00 1.397504851062233877e+00 2.456080214846364740e+00 1.839470534151600667e+00 2.188628857508426950e+00 1.818952681368181334e+00 2.460169793737585930e+00 2.639150687413241325e+00 2.362340130078503186e+00 -1.948825872961595373e-01 3.214469697750356736e-01 1.047048672810982684e+00
8.175105445557522277e-01 9.706611453908386977e-01 1.000552780299972078e+00 7.329411474024097872e-01 1.779802341967458679e+00 1.618265407674599698e+00 2.265375591841451985e+00 2.603618751799415598e+00 1.891832669658705335e+00 1.521952512611789432e+00 -1.063542825970968525e-01 1.393474447586260601e+00 1.927260332266272469e+00 1.473782363645034232e-01 -2.174968169827741216e-01 -4.261237366269976512e-01
1.605365502667299271e+00 1.064383625299566871e+00 1.431603785134277551e+00 1.440316955081448969e+00 1.901577729598903810e+00 1.433229025285370772e+00 2.174319588789090041e+00 2.735491417003053982e+00 1.979382749690069554e+00 1.615462947753854017e+00 1.001382673265457823e+00 4.996610854298723647e-01 1.782215771934046566e+00 6.809800563090160352e-01 4.833481032592800153e-01 4.987336811343320297e-01
1.274695101863080104e+00 2.669525563754966857e+00 2.915710285579295569e+00 2.597629068493048088e+00 -3.119767458049443665e+00 2.031163422322411094e+00 2.353972944465218209e+00 1.018714906277156773e+00 1.076429964557074515e+00 1.565714428904507738e-01 1.964134812330218915e+00 1.466155923636772274e+00 2.699431357768163342e-01 6.678361429415579087e-01 1.189002609935324806e+00 5.415649971227616266e-01
1.232293857437472884e+00 1.582506760456471984e+00 1.989863712769150972e+00 1.375230135162612166e+00 2.540162373823271036e+00 1.890430293299728337e+00 2.888124591437379429e+00 1.712166600871839250e+00 3.373347704845950368e-01 1.441113271347916447e+00 7.658089757706578737e-01 8.384254665151394947e-01 1.042726012140776370e-01 4.413436500091534875e-01 6.135647278435349961e-01 8.160276441354884502e-01
1.676688746470224478e+00 1.491641292889303028e+00 1.284579505508712804e+00 1.103269049816676395e+00 2.538197286467979374e+00 1.340298591328602296e+00 1.878868617235945004e+00 2.278457095511218444e+00 1.612253627709372195e+00 7.779869865693078701e-01 1.344591962007090524e+00 1.051938739787108723e+00 6.545733076248374527e-01 5.251446727017814453e-01 8.167128268278691650e-01 1.119845106535922064e+00
2.285794194478552477e+00 1.888869526304693736e+00 2.008752988663695671e+00 3.589636208251151817e-01 1.871319424710629509e+00 2.006947992104390899e+00 1.939149463910488480e+00 1.642914313771231205e+00 1.759013565781222255e+00 1.203640681948630720e+00 9.603090791358376288e-01 5.708892225792555619e-01 2.299939970300139969e-01 1.195144130936013793e+00 1.122964734171210788e+00 1.682374412289309396e+00
2.339992029869660151e+00 1.663761213439800768e+00 2.736255615662621654e+00 2.479051435703230943e+00 1.990990964477946878e+00 2.308815438674174381e+00 2.225378912448379598e+00 2.163069877683696518e+00 1.414293741524052184e+00 1.860267404057025287e+00 1.045812277091439091e+00 1.715103716744007745e+00 7.435176593065575545e-01 1.024976494167689767e+00 1.368292561066338120e+00 1.946730957184434452e+00
1.390039137101724886e+00 2.511700064691651413e+00 2.912179711269308857e+00 2.717018031674680145e+00 2.397260033773518817e+00 2.292243538162195282e+00 2.252944428494668916e+00 7.857911790421800990e-01 -8.034988081931357384e-02 1.836557683071092351e+00 2.040210005638705582e+00 2.513404498550587896e+00 1.580305247149583314e+00 1.924310902921114730e+00 1.355483190201940635e+00 1.664731313851896211e+00
