1.073276138859111883e+00 7.800327167717422544e-03 -5.777867131238854093e-01 6.205217614784376279e-01 6.041342626734832466e-01 -1.463318289277996953e-01 -4.385760529804982877e-01 -4.636938936262532951e-01 -9.813853286589867553e-01 2.591551124460718114e-01 -4.463139773005182498e-01 -7.730557082073792330e-01 2.467055641641717756e+00 1.891100640493652785e+00 5.575913984143712199e-01 1.161520155265797438e+00
3.663782077147581528e-01 2.793301785695819217e-01 9.464004757524668854e-02 1.063670793829778249e+00 6.257135578542288856e-01 3.986951678093310636e-01 1.133404415895219897e+00 -1.798670786409657663e-01 -6.554446748332889428e-01 -4.411128272742285694e-01 -1.285497804883394712e+00 -1.482543363287632587e+00 3.075485367256694413e+00 2.534121391004840795e+00 3.143756196694888483e-01 -1.430805456342648663e-01
5.003409080747519555e-01 9.388076024331776237e-01 6.221235722624237491e-02 1.602599710295485647e+00 6.806975099256167283e-01 -2.725139633616761037e-01 1.009836502601629965e-01 4.106608126783686807e-01 -1.028750058012184443e+00 -2.096006191551204711e+00 -1.319773567419589400e+00 -1.236077395211686802e+00 -1.189042920065137121e+00 2.539166787529603675e-01 -2.401226249996471496e-01 2.976191901175312959e-01
-7.050390091456575359e-01 3.544154187326911676e-02 1.267068711161027095e-01 1.662086731650795457e+00 2.430984252701468229e+00 1.342310861804230981e+00 9.060980181148016177e-01 3.487400444129787891e-01 -5.374968180184654803e-02 -9.733906148740377740e-01 -1.154591295134804962e+00 -3.895579227420237767e-01 5.356877777396412688e-01 -9.699465614441224459e-02 -8.433343353600494252e-01 -1.132881640399253209e+00
3.066459465175152554e-01 7.567191814761452529e-01 2.375091945143736005e+00 2.389826685520816785e+00 2.273799202995149038e+00 2.455479386557753330e+00 1.264904526859644163e+00 -2.954238681256426968e-01 -7.081893087035991963e-01 -1.625272254231462599e+00 -7.986354822953736221e-01 -9.084349323464727677e-01 4.368818626564481278e-01 1.012610047294297377e+00 1.629522910722053519e-01 -2.638291007094802354e-01
-1.515395466448154149e+00 7.895156019322452368e-01 8.422384017196831163e-01 7.018891537699434302e-01 1.655362700806767506e+00 2.700324990446177686e+00 -1.628185682664662071e-01 1.311261674788828602e+00 6.153070943479104216e-01 -1.634683784376388394e+00 -1.873659478817883139e-01 -8.595108628797347716e-01 -9.574525162471129169e-01 1.792217399941954392e-01 1.130463907336853174e-01 -5.193246175735366510e-01
-8.285447135821329967e-01 -9.333029563294586994e-01 -1.513867627343068900e+00 6.940948203626788882e-01 -1.329948102615807759e-01 -1.654732606191306354e+00 -1.489240105228297528e+00 9.329127583834468940e-01 -4.233358716447688797e-01 -9.046078410662821145e-01 -1.942009367748133153e+00 -1.047817890860666346e+00 2.639485973626361837e+00 2.442855462241951825e-01 3.785696777353974446e-02 -5.913313593723186212e-01
-1.120866857492699570e-01 -5.164873945473912320e-01 4.284771428267496879e-02 -6.900277200138956735e-01 1.215580599432663389e+00 -9.387516998311703498e-01 -1.347062039646939935e+00 -3.326797263284586026e-01 -6.974729562994037568e-01 -2.303767962450833373e+00 3.240559416243502522e-01 -4.688317294378787081e-01 1.607221914323922585e+00 7.999344253824836048e-01 -3.016531865653471201e-01 -1.056390252156546694e+00
-9.533797725974273440e-01 1.297478719634882927e+00 1.107910092473958219e+00 8.683641653774044900e-02 9.048833810292282731e-01 -7.146437011636916914e-01 -1.773444619451103321e+00 -1.183885713416167551e+00 -1.225784834307741766e+00 -1.831090309610610145e+00 1.473216170025331229e+00 -5.292732739885749327e-01 -1.442632946498975943e-01 3.169162285117119726e-01 -6.315948631688749204e-01 1.028709708785074506e+00
-7.779444060241741399e-01 -3.957904401953743490e-01 6.561441116455131173e-01 6.212165369763885669e-01 5.241470376066034165e-01 -8.532102817249498372e-01 -2.179286199271707858e+00 -5.228844836449174638e-01 -7.837058350566455944e-01 5.478029338938685822e-01 1.130242668701025854e+00 1.419513520798596218e-01 3.985950252673512578e-02 5.289055171172863945e-01 4.787196215569941016e-01 5.122657570370768854e-01
-2.907710283873885526e-01 -4.100813927861318153e-01 -2.327868721324236612e-01 -3.844525834436978706e-01 -3.595625375894018760e-01 2.616875636164061603e-01 -1.048404871896086554e+00 -1.115593499188028526e+00 -5.310899539988450657e-01 2.047523169042962277e+00 4.546911257397663886e-01 5.205531162354407604e-01 1.401546997128050531e+00 8.114841619949105800e-01 1.040240441749561207e+00 -5.330986015024582469e-01
8.909555478496376801e-02 -2.563597504842360930e-01 6.947885932495544425e-01 6.192082297496137588e-02 2.704164629967530376e-01 5.084269396434867305e-01 -1.072674757667223089e+00 6.951785359770942807e-02 -6.779664208970490602e-01 3.099001091352598380e-01 2.666087247435977581e-01 4.747716666298604782e-01 1.611748168760471112e+00 2.704162260296059550e+00 9.399725432337567854e-01 1.023764909471889029e+00
6.006072782897522444e-01 6.212765718445207863e-01 1.286636159314060057e+00 5.340129917700624229e-02 4.551689691227978618e-01 3.201323557111065421e-01 -6.272765757330058811e-01 -1.053765716601493763e+00 -1.123021897641127920e+00 -6.763081132824724229e-01 1.372794459857008098e+00 2.983614489835198502e-01 1.477633649757552847e+00 -5.026296104921393892e-01 1.383884059692748636e+00 2.158298467921975661e+00
1.496423634640092537e+00 4.274184931963977419e-01 -5.884271161662029126e-01 1.215924939520395931e+00 6.726881986432983740e-02 3.981798998967892023e-01 -1.323485107929349702e+00 -2.155270222806117797e+00 -1.400046633305902066e+00 -1.150311433092210622e+00 2.062163728090601111e+00 1.703794518650068923e+00 1.769647408180829995e+00 7.474433232261001869e-01 7.776023690726485693e-01 8.626560069792028607e-01
6.905638243288237943e-01 -1.555209737787526025e+00 -8.169731346986761622e-01 -1.592342037997626913e-01 2.773276784716782184e-01 5.381103256974519855e-01 3.786329610213549079e-01 -2.326598890641314643e+00 2.713633840358078975e-01 9.923933088070712172e-01 1.277260203168605557e+00 1.622692999955798410e+00 8.806588234329668641e-01 3.289315177501857534e-01 1.412119385384692949e+00 1.377287562491310347e+00
1.156490286052254124e+00 -6.422547318226538848e-02 -7.092112619688689668e-01 1.272125076361460216e+00 1.015288527851627043e+00 7.247255417797048294e-01 -2.371469365128941187e-01 3.393597653897447719e-01 -2.377584094889282074e-01 1.033989796921578774e+00 1.157216649610436576e+00 9.378814265845099030e-01 8.049142765020202983e-01 3.072891845996354121e+00 2.045735806521271183e+00 1.422705846176590017e+00
