2.015299972810531692e-02 3.905441556856351637e-01 7.749961891037682182e-01 1.088414160447350287e+00 -8.007366817599794739e-01 -1.474883205366837702e+00 -8.797988987205133116e-01 -3.977507307459950958e-01 -9.393864532330962192e-01 1.424491013794926708e+00 -2.492261291303783377e+00 2.380467970522280652e+00 1.018440665110012411e+00 1.798741778869550334e-01 4.201466192532694599e-01 8.047384185909162158e-01
6.900767604697572999e-01 4.803872599500620399e-01 1.268921510538454811e+00 4.365233261596236369e-01 5.158006543666452393e-01 -2.393553790389900904e+00 -1.115932340761990549e+00 -1.661855722445926720e+00 -3.417162700319071322e-01 1.314929677994633783e+00 -2.260572687443809514e-01 1.843675153817532664e+00 -2.495897961670855425e-01 7.896969680822101267e-01 7.710556445145843041e-01 9.203556468124528545e-01
6.656190713444368745e-01 6.460919459946544707e-01 2.149657911852911329e+00 2.279895517933307580e+00 2.657315039276590074e+00 3.036896082153677678e+00 2.875140817080336753e+00 -2.576839212761471209e+00 -2.120523481043466441e-01 5.595285663666573761e-01 1.321758210911322173e+00 6.071899913173264274e-01 -6.852901180905561496e-02 2.910838343377405213e+00 -4.977273988405385707e-01 4.897200682060511845e-01
-1.110873340195474679e+00 -1.121537499701970253e+00 2.823944598831991559e+00 2.184990313890687652e+00 7.424905999408842883e-01 -1.915845601668633436e-01 9.038323244999717232e-02 6.369728303350513654e-02 -6.255016878607358999e-01 2.447263548704733171e+00 2.661233602712910429e+00 -8.997662596980456062e-02 1.024777144141615581e+00 -2.032922734368854956e-01 -9.255151528891894519e-02 -2.619927113994407475e-01
-1.966990970517920045e+00 -2.353496453332849792e-01 -2.758921750699515840e+00 -6.828181742303900403e-01 6.527907881990295813e-01 1.146160299165882163e-01 7.105125109670306083e-01 4.483643862354634857e-01 -9.597571842714650581e-01 4.560000556795730242e-01 2.404093188358121580e+00 6.335608742313852959e-01 1.417152182758377732e+00 -3.915567719010737413e-01 -1.287043658508850615e-04 6.771021897277588186e-01
-1.168780207995198106e+00 -2.044770729317553659e+00 -1.729449370804421848e+00 -2.125388869004314341e+00 -3.631885062506899353e-01 4.717946374753632655e-01 8.900593842038478920e-01 2.196758723951358627e-01 1.137774990468779279e+00 4.635180874528087580e-01 1.361651720340700811e+00 -8.688925124114735832e-01 1.578982085802690172e+00 -2.304024924575685418e+00 -7.055945421027216558e-01 -6.129257935621923448e-01
-2.443922064172547426e+00 -2.411880905012937060e+00 -1.611544177775618980e+00 -2.325815466733081927e+00 -1.861919574625998886e+00 -7.223831431099113631e-01 -6.592454338797033575e-01 -7.371519735300218201e-01 1.237204058609311152e+00 5.468151676882273549e-01 -1.259759244506612585e+00 -9.026515527706213682e-01 3.577642323655329942e-02 1.847816745734114141e+00 2.129483660085376706e-01 -1.210486499516165271e+00
-1.745946551036535510e+00 -1.899813422100194327e+00 -1.871727752354546137e+00 -2.571374057160074056e+00 -1.498609133681174432e+00 -1.685992085367625348e+00 6.886254747487191574e-01 1.838860065281159750e+00 1.806064670744482736e+00 1.331402053931214802e+00 2.156323423153750363e-01 -9.742672481391112527e-01 -5.756557116523002282e-01 -2.722426657862778487e+00 -2.879201641618181373e+00 2.904681654186209716e+00
2.977263411592953712e+00 -2.281643322155977760e+00 -1.490776725464920016e+00 -5.222189516840149981e-01 1.348965609761374473e+00 -2.186244574089186710e+00 -1.794412474918529066e+00 -1.289721274056559119e+00 7.777331723169325084e-01 1.088582671808759006e+00 1.722331961058488847e+00 1.501958923037232552e+00 1.458763219513438791e+00 1.542109085032392191e+00 2.726753985534536184e+00 -2.642025269878346627e+00
-3.037972466846048825e+00 -2.448364335120458257e+00 -1.951239842303841732e+00 -3.756201218076632431e-01 -2.279824221962290398e+00 1.593684910929004106e-01 -1.545140989890900318e+00 1.459750371058834428e+00 -5.177327321230787982e-01 8.847884269060785067e-01 1.749853651158675083e+00 2.149698235309357663e+00 2.302088704452045054e+00 1.039092073757870605e+00 -3.053266881196565308e+00 2.248553549021455211e+00
-1.959162889043810862e+00 -1.954205134662809540e+00 -9.674791748672690872e-01 -2.947902463581111299e+00 -1.600879758411199338e+00 -2.101311121906841883e+00 -5.949435206742033078e-01 -6.450064994998714329e-01 -1.243123019607043966e+00 -7.354645837437608913e-01 2.246981294767024906e+00 3.466298428324115499e-01 1.491138991813974135e+00 1.292454045068102797e+00 -1.662083467673493464e+00 -2.923394116504008711e+00
-2.320734275938082902e+00 -2.197176475686725805e+00 -2.774666055539274812e+00 -2.974032877392419394e+00 -1.502015785208958176e+00 -1.779307799595964967e+00 -4.290970276494455726e-01 -2.078328453837383627e+00 -1.159143013403152178e+00 -2.427963827885237347e+00 2.042901590003877388e+00 1.977869405224125687e+00 2.860957445453465198e+00 1.872903930841322451e+00 -2.391290980139896050e+00 -2.413726353643822264e+00
-2.344128710448733166e+00 -2.953102995086990035e+00 2.836214564787991499e+00 2.430542061604479276e+00 -2.511648242532840580e+00 -1.786095782938754928e+00 -6.831293051302809172e-01 -1.919378427722929104e+00 -2.428181796443450668e+00 8.734100139152840558e-01 7.457120831458666776e-01 1.065037831382566580e+00 7.846150485363351246e-01 2.901900097961543246e+00 2.412957675991656004e+00 -2.628403415422486677e+00
2.682459769014965190e+00 -2.617065183868861666e+00 3.035809914108368979e+00 -2.430354050591794657e+00 -8.647673662663423189e-01 -9.727537565744331927e-01 -9.403583516289108768e-02 -8.137757233373836829e-01 -1.312169845158566162e+00 2.329519727684219887e+00 1.986812805653922043e+00 -1.361864840312037250e+00 2.415745679085568032e+00 2.780437427217368640e+00 -8.178104101227633427e-01 -7.364450264914056410e-01
2.619964342581687866e+00 1.520338450240144912e+00 1.920060866360828511e+00 2.012439948453240479e+00 -2.168957532165034063e+00 -1.331926350972402195e+00 -1.003056632764316225e+00 5.644233812729290700e-02 -1.075683821863285816e-01 1.440572021836728389e+00 7.328220520775241553e-01 -1.780565332271537793e+00 8.775265593633616024e-02 6.576885416668846185e-01 1.735764353788668002e-01 8.745203072799250243e-01
1.839202274578614515e+00 2.386322693934890271e+00 1.966608645454994919e+00 1.440860150111186400e+00 8.739447982630302869e-01 -1.205128481716977618e+00 -1.533630798151857544e+00 -1.870975931964193206e+00 -2.336440354400275865e+00 2.741519717850612103e+00 2.331566878408307009e+00 -2.069472187694758158e+00 7.087312600704067655e-01 3.287427802040801539e-01 9.919061150562936691e-01 9.289646085305421075e-02
